3 1
5 1
18 1
23 1
25 1
27 1
31 1
32 1
33 1
36 1
37 1
41 1
45 1
48 1
51 1
52 1
56 1
57 1
63 1
64 1
66 1
67 1
70 1
71 1
72 1
73 1
74 1
75 1
80 1
6 87
49 87
50 87
59 87
92 87
93 87
94 87
81 87
110 2
43 2
118 2
142 2
180 174
5 3
97 3
98 3
18 3
23 3
25 3
27 3
90 3
31 3
33 3
36 3
37 3
41 3
192 3
45 3
48 3
51 3
52 3
56 3
57 3
63 3
64 3
66 3
67 3
70 3
71 3
72 3
131 3
73 3
74 3
75 3
80 3
17 4
209 4
100 96
10 96
103 96
104 96
11 96
105 96
12 96
106 96
13 96
19 96
20 96
24 96
111 96
89 96
26 96
112 96
113 96
28 96
208 96
117 96
38 96
39 96
40 96
44 96
119 96
222 96
199 96
60 96
61 96
65 96
200 96
201 96
69 96
132 96
77 96
216 96
85 96
86 96
97 5
98 5
18 5
23 5
25 5
27 5
31 5
32 5
33 5
41 5
45 5
48 5
51 5
52 5
56 5
57 5
63 5
64 5
66 5
70 5
72 5
73 5
74 5
75 5
80 5
230 229
173 169
97 1
98 97
23 97
25 97
27 97
31 97
32 97
33 97
36 97
37 97
192 97
45 97
51 97
56 97
57 97
63 97
64 97
66 97
67 97
70 97
72 97
131 97
73 97
74 97
75 97
80 97
49 6
50 6
58 6
92 6
93 6
94 6
249 244
98 1
90 98
31 98
32 98
33 98
36 98
37 98
192 98
45 98
48 98
51 98
52 98
57 98
64 98
67 98
70 98
71 98
72 98
131 98
73 98
74 98
80 98
253 248
178 175
256 244
249 256
258 257
179 257
181 257
259 257
264 261
177 272
275 272
274 277
207 7
234 99
8 99
115 99
116 99
297 99
128 99
129 99
130 99
243 99
298 99
137 99
299 99
265 99
139 99
302 99
143 99
146 99
147 99
148 99
214 99
270 99
156 99
158 99
159 99
167 99
288 99
115 234
122 234
297 234
129 234
243 234
298 234
137 234
299 234
265 234
139 234
143 234
147 234
214 234
150 234
156 234
159 234
288 234
115 8
116 8
121 8
314 8
126 8
297 8
128 8
129 8
130 8
298 8
137 8
265 8
139 8
140 8
302 8
147 8
148 8
150 8
270 8
151 8
153 8
156 8
158 8
164 8
271 8
167 8
221 9
78 9
318 9
182 176
104 100
111 100
208 100
132 100
280 279
273 279
276 279
102 101
107 101
108 101
290 101
109 101
22 101
114 101
292 101
294 101
123 101
124 101
46 101
224 101
231 101
133 101
135 101
136 101
138 101
300 101
141 101
79 101
144 101
149 101
233 101
317 101
152 101
157 101
161 101
162 101
163 101
306 101
307 101
165 101
166 101
242 101
219 101
107 102
108 102
290 102
109 102
22 102
114 102
292 102
294 102
123 102
124 102
46 102
224 102
231 102
133 102
136 102
138 102
300 102
141 102
79 102
149 102
233 102
317 102
152 102
155 102
157 102
161 102
162 102
163 102
306 102
165 102
166 102
242 102
219 102
273 280
276 280
10 100
12 10
106 10
13 10
117 10
119 10
201 10
69 10
132 10
85 10
103 100
103 10
104 103
11 103
105 103
12 103
106 103
13 103
19 103
20 103
24 103
111 103
89 103
26 103
112 103
113 103
28 103
208 103
117 103
38 103
39 103
40 103
44 103
119 103
222 103
199 103
60 103
61 103
65 103
200 103
201 103
69 103
132 103
77 103
216 103
85 103
86 103
104 10
105 104
12 104
106 104
13 104
19 104
20 104
24 104
111 104
89 104
26 104
112 104
113 104
208 104
117 104
38 104
39 104
44 104
119 104
222 104
199 104
60 104
61 104
65 104
200 104
201 104
69 104
132 104
77 104
216 104
85 104
86 104
11 100
11 10
105 11
12 11
106 11
13 11
19 11
20 11
24 11
111 11
89 11
26 11
112 11
113 11
28 11
208 11
117 11
39 11
40 11
44 11
119 11
222 11
199 11
60 11
61 11
65 11
200 11
201 11
69 11
132 11
77 11
216 11
85 11
86 11
105 100
105 10
12 105
106 105
13 105
19 105
20 105
111 105
26 105
112 105
113 105
28 105
208 105
117 105
38 105
39 105
40 105
44 105
119 105
222 105
199 105
60 105
61 105
65 105
200 105
201 105
69 105
132 105
77 105
216 105
85 105
86 105
12 100
106 12
13 12
19 12
85 12
53 220
227 220
78 221
106 100
13 106
19 106
20 106
24 106
111 106
89 106
26 106
112 106
113 106
28 106
208 106
117 106
38 106
39 106
40 106
44 106
119 106
222 106
199 106
60 106
61 106
65 106
200 106
69 106
132 106
77 106
216 106
85 106
86 106
60 13
201 13
85 13
326 234
116 326
283 326
121 326
126 326
130 326
298 326
265 326
140 326
302 326
148 326
150 326
153 326
156 326
271 326
167 326
42 14
21 15
76 15
211 15
172 322
328 325
291 289
108 107
290 107
109 107
22 107
114 107
292 107
294 107
123 107
124 107
125 107
46 107
224 107
231 107
135 107
136 107
138 107
300 107
141 107
79 107
149 107
233 107
317 107
152 107
155 107
157 107
161 107
162 107
163 107
306 107
307 107
165 107
166 107
242 107
219 107
290 108
109 108
22 108
114 108
292 108
294 108
123 108
124 108
125 108
46 108
224 108
231 108
133 108
135 108
136 108
138 108
300 108
141 108
79 108
144 108
149 108
233 108
317 108
152 108
155 108
157 108
161 108
162 108
163 108
306 108
307 108
165 108
166 108
242 108
219 108
109 290
22 290
114 290
292 290
294 290
123 290
124 290
46 290
224 290
231 290
133 290
135 290
136 290
138 290
300 290
141 290
79 290
144 290
233 290
317 290
152 290
155 290
161 290
162 290
306 290
307 290
165 290
166 290
242 290
219 290
213 16
18 97
18 98
25 18
27 18
90 18
31 18
32 18
33 18
36 18
37 18
41 18
45 18
48 18
51 18
56 18
57 18
63 18
64 18
66 18
67 18
131 18
74 18
75 18
80 18
19 100
19 10
19 13
20 19
24 19
111 19
89 19
26 19
112 19
113 19
28 19
208 19
117 19
38 19
39 19
40 19
44 19
119 19
222 19
199 19
60 19
61 19
65 19
200 19
201 19
69 19
132 19
77 19
216 19
85 19
86 19
20 100
20 10
20 12
20 13
24 20
111 20
89 20
26 20
112 20
113 20
28 20
208 20
117 20
38 20
39 20
40 20
44 20
119 20
222 20
199 20
60 20
61 20
65 20
200 20
201 20
69 20
77 20
216 20
85 20
86 20
22 109
114 109
292 109
294 109
123 109
124 109
125 109
46 109
224 109
231 109
133 109
135 109
136 109
138 109
300 109
141 109
79 109
144 109
149 109
233 109
317 109
152 109
155 109
157 109
161 109
162 109
163 109
306 109
307 109
165 109
166 109
242 109
219 109
142 110
76 21
179 258
181 258
259 258
276 273
35 183
202 183
114 22
123 22
124 22
125 22
46 22
224 22
133 22
138 22
141 22
144 22
149 22
317 22
152 22
155 22
157 22
161 22
162 22
163 22
165 22
219 22
185 88
55 88
62 88
68 88
31 23
32 23
33 23
37 23
48 23
51 23
63 23
66 23
67 23
72 23
80 23
319 236
24 100
24 10
24 12
24 13
111 24
89 24
26 24
112 24
113 24
28 24
208 24
117 24
38 24
39 24
40 24
44 24
119 24
222 24
199 24
60 24
61 24
65 24
200 24
69 24
77 24
216 24
85 24
86 24
111 10
111 12
111 13
89 111
26 111
112 111
113 111
28 111
208 111
117 111
38 111
39 111
40 111
44 111
119 111
222 111
199 111
60 111
61 111
65 111
200 111
201 111
69 111
132 111
77 111
216 111
85 111
86 111
89 100
89 10
89 105
89 12
89 13
26 89
112 89
113 89
28 89
208 89
117 89
38 89
39 89
40 89
44 89
119 89
222 89
199 89
60 89
61 89
65 89
200 89
201 89
132 89
216 89
85 89
86 89
25 23
27 25
90 25
31 25
32 25
33 25
37 25
41 25
45 25
48 25
52 25
56 25
63 25
64 25
71 25
73 25
74 25
75 25
80 25
228 184
26 100
26 10
26 12
26 13
112 26
113 26
28 26
208 26
117 26
38 26
39 26
44 26
119 26
222 26
199 26
60 26
61 26
65 26
200 26
201 26
69 26
132 26
77 26
216 26
85 26
86 26
27 98
27 23
32 27
33 27
36 27
41 27
48 27
51 27
52 27
56 27
63 27
64 27
66 27
67 27
71 27
72 27
73 27
74 27
80 27
112 100
112 10
112 12
112 13
113 112
28 112
208 112
117 112
38 112
39 112
44 112
119 112
222 112
199 112
60 112
61 112
65 112
200 112
69 112
132 112
77 112
216 112
85 112
86 112
113 100
113 10
113 12
113 13
28 113
208 113
117 113
38 113
39 113
40 113
44 113
119 113
222 113
199 113
60 113
61 113
65 113
200 113
201 113
69 113
132 113
77 113
216 113
85 113
86 113
90 1
90 97
90 27
31 90
32 90
33 90
36 90
37 90
41 90
48 90
51 90
56 90
57 90
63 90
66 90
67 90
70 90
71 90
131 90
73 90
74 90
75 90
80 90
292 114
294 114
123 114
124 114
125 114
46 114
224 114
231 114
133 114
135 114
136 114
138 114
300 114
141 114
79 114
144 114
149 114
233 114
317 114
152 114
155 114
157 114
161 114
162 114
163 114
306 114
307 114
165 114
166 114
242 114
219 114
28 104
28 13
208 28
117 28
38 28
40 28
44 28
119 28
199 28
65 28
200 28
201 28
69 28
132 28
77 28
86 28
30 29
34 29
206 29
85 208
116 115
122 115
297 115
129 115
130 115
243 115
298 115
137 115
143 115
146 115
147 115
148 115
214 115
270 115
151 115
153 115
156 115
159 115
164 115
271 115
167 115
288 115
209 17
116 234
324 116
121 116
314 116
126 116
297 116
128 116
129 116
130 116
243 116
137 116
299 116
265 116
139 116
140 116
302 116
143 116
146 116
150 116
270 116
153 116
156 116
159 116
164 116
271 116
167 116
288 116
260 278
82 278
224 292
233 292
165 292
219 292
34 30
206 30
282 281
120 313
32 31
33 31
36 31
37 31
41 31
45 31
48 31
51 31
52 31
56 31
57 31
63 31
67 31
70 31
71 31
72 31
131 31
73 31
74 31
75 31
80 31
344 293
339 293
311 341
33 32
37 32
41 32
45 32
51 32
56 32
57 32
63 32
64 32
66 32
131 32
73 32
75 32
36 33
37 33
41 33
48 33
51 33
52 33
63 33
64 33
66 33
67 33
72 33
131 33
73 33
74 33
75 33
80 33
117 100
117 12
117 13
117 208
38 117
39 117
40 117
44 117
119 117
222 117
199 117
60 117
61 117
65 117
200 117
201 117
69 117
132 117
77 117
216 117
85 117
86 117
206 34
36 5
36 25
36 32
37 36
41 36
45 36
48 36
52 36
56 36
67 36
70 36
72 36
131 36
73 36
74 36
75 36
80 36
37 5
37 27
41 37
192 37
45 37
48 37
51 37
52 37
63 37
64 37
67 37
70 37
71 37
72 37
131 37
73 37
74 37
75 37
80 37
38 100
38 10
38 11
38 12
38 13
38 208
39 38
40 38
44 38
119 38
222 38
199 38
60 38
61 38
65 38
201 38
69 38
132 38
77 38
216 38
85 38
86 38
39 100
69 39
121 324
297 324
128 324
137 324
139 324
214 324
150 324
153 324
159 324
283 99
283 234
283 115
122 283
314 283
297 283
137 283
265 283
139 283
147 283
214 283
150 283
151 283
156 283
338 115
338 116
314 338
129 338
140 338
146 338
147 338
148 338
214 338
153 338
158 338
159 338
271 338
331 326
331 338
314 331
126 331
130 331
137 331
140 331
147 331
148 331
270 331
151 331
153 331
159 331
167 331
154 327
145 284
237 235
40 100
40 13
40 26
40 112
40 208
40 39
119 40
222 40
199 40
60 40
61 40
65 40
201 40
132 40
77 40
86 40
339 344
41 97
41 98
45 41
48 41
51 41
52 41
56 41
57 41
63 41
67 41
70 41
72 41
131 41
73 41
74 41
75 41
80 41
43 110
118 43
142 43
142 118
263 170
181 179
259 179
124 294
125 294
133 294
135 294
136 294
138 294
300 294
141 294
144 294
149 294
317 294
152 294
157 294
161 294
162 294
307 294
165 294
166 294
287 295
91 185
55 185
62 185
44 100
44 10
44 12
44 13
44 208
44 39
44 40
119 44
222 44
199 44
60 44
61 44
200 44
201 44
69 44
132 44
77 44
216 44
85 44
86 44
119 100
119 12
119 13
119 208
119 39
222 119
199 119
60 119
61 119
65 119
200 119
201 119
69 119
132 119
77 119
85 119
86 119
60 222
61 222
121 234
121 115
314 121
128 121
129 121
243 121
298 121
137 121
299 121
265 121
139 121
140 121
302 121
143 121
146 121
147 121
214 121
270 121
151 121
153 121
156 121
158 121
159 121
167 121
288 121
172 250
191 343
204 343
187 87
49 187
50 187
93 187
94 187
81 187
189 35
190 262
196 191
204 191
192 1
192 23
192 36
45 192
52 192
56 192
57 192
64 192
66 192
70 192
197 193
351 350
194 186
47 195
122 99
122 8
297 122
129 122
243 122
298 122
137 122
299 122
139 122
302 122
143 122
147 122
148 122
214 122
270 122
156 122
158 122
159 122
164 122
271 122
167 122
288 122
204 196
203 197
285 186
285 194
198 91
198 88
198 185
123 292
123 294
124 123
46 123
224 123
231 123
133 123
135 123
136 123
138 123
300 123
141 123
79 123
144 123
149 123
233 123
317 123
152 123
155 123
157 123
161 123
162 123
163 123
306 123
307 123
165 123
166 123
242 123
219 123
124 292
125 124
46 124
224 124
231 124
133 124
135 124
136 124
138 124
300 124
141 124
79 124
144 124
149 124
233 124
317 124
152 124
155 124
157 124
161 124
162 124
163 124
306 124
307 124
165 124
166 124
242 124
219 124
125 101
125 102
125 290
125 292
125 123
46 125
224 125
231 125
133 125
135 125
136 125
138 125
300 125
141 125
79 125
144 125
149 125
233 125
152 125
155 125
157 125
161 125
162 125
163 125
306 125
307 125
165 125
166 125
242 125
219 125
314 115
126 314
130 314
243 314
298 314
137 314
299 314
139 314
302 314
143 314
147 314
150 314
270 314
151 314
156 314
271 314
167 314
288 314
126 234
126 115
126 121
126 122
128 126
129 126
243 126
298 126
137 126
299 126
139 126
140 126
143 126
146 126
147 126
148 126
150 126
270 126
151 126
153 126
156 126
158 126
167 126
288 126
45 27
45 90
45 33
48 45
51 45
52 45
56 45
57 45
63 45
64 45
66 45
67 45
70 45
71 45
72 45
131 45
73 45
74 45
75 45
80 45
210 127
266 320
241 320
321 296
218 296
46 292
224 46
233 46
161 46
166 46
219 46
297 121
297 314
129 297
243 297
298 297
299 297
265 297
139 297
140 297
302 297
143 297
148 297
214 297
150 297
151 297
153 297
156 297
159 297
164 297
271 297
288 297
160 332
48 97
48 32
52 48
56 48
57 48
63 48
64 48
66 48
67 48
70 48
72 48
73 48
74 48
75 48
80 48
58 49
59 49
92 49
93 49
94 49
81 49
50 49
58 50
59 50
92 50
93 50
94 50
81 50
51 36
51 192
51 48
56 51
57 51
63 51
64 51
66 51
67 51
70 51
72 51
131 51
73 51
74 51
80 51
128 314
129 128
243 128
265 128
139 128
140 128
302 128
143 128
146 128
147 128
270 128
153 128
156 128
158 128
159 128
164 128
167 128
288 128
52 18
52 23
52 32
52 51
56 52
57 52
63 52
64 52
66 52
70 52
71 52
131 52
74 52
80 52
227 53
54 88
54 185
54 198
62 54
68 54
286 251
245 252
55 91
55 198
62 55
68 55
233 224
166 224
219 224
56 23
57 56
63 56
64 56
66 56
67 56
71 56
75 56
80 56
199 100
199 10
199 12
199 13
199 208
199 39
199 222
60 199
61 199
65 199
200 199
201 199
69 199
132 199
77 199
85 199
86 199
129 314
243 129
298 129
137 129
299 129
265 129
139 129
140 129
143 129
146 129
147 129
148 129
214 129
150 129
270 129
151 129
156 129
158 129
167 129
288 129
130 234
130 121
130 122
130 126
130 297
130 129
243 130
298 130
137 130
299 130
139 130
140 130
302 130
143 130
146 130
148 130
270 130
151 130
156 130
158 130
159 130
271 130
167 130
288 130
288 243
57 23
57 25
57 27
57 33
64 57
66 57
67 57
70 57
71 57
72 57
131 57
74 57
75 57
80 57
58 87
92 58
93 58
94 58
81 58
92 59
93 59
94 59
92 187
93 92
94 92
81 92
60 208
85 60
254 334
315 225
95 225
95 315
259 181
62 198
68 62
247 253
63 98
63 36
63 57
64 63
66 63
67 63
71 63
72 63
73 63
74 63
80 63
64 23
64 31
64 36
67 64
70 64
72 64
131 64
73 64
74 64
75 64
80 64
65 100
65 10
65 12
65 13
65 208
65 39
65 44
65 222
65 60
65 61
201 65
69 65
132 65
77 65
216 65
85 65
86 65
347 357
200 100
200 10
200 12
200 13
200 208
200 38
200 39
200 40
200 222
200 60
200 61
200 65
69 200
132 200
77 200
216 200
85 200
86 200
66 31
66 36
66 37
67 66
70 66
72 66
131 66
73 66
75 66
80 66
67 5
67 25
67 32
67 52
72 67
131 67
73 67
74 67
75 67
80 67
68 185
68 91
68 198
201 100
201 12
201 106
201 24
201 112
201 208
201 39
201 222
201 60
201 61
201 200
69 201
132 201
77 201
216 201
85 201
86 201
69 100
69 12
69 13
69 89
69 208
69 40
69 222
69 60
69 61
132 69
77 69
216 69
85 69
86 69
70 25
70 27
70 32
70 33
70 56
70 67
71 70
72 70
131 70
74 70
80 70
71 18
71 23
71 32
71 36
71 48
71 66
71 67
131 71
73 71
74 71
75 71
80 71
72 18
72 25
72 90
72 32
72 56
131 72
73 72
74 72
75 72
80 72
131 1
131 25
131 27
131 48
131 63
73 131
74 131
75 131
80 131
73 18
73 192
73 56
73 57
73 70
74 73
75 73
80 73
298 116
298 243
137 298
139 298
140 298
302 298
143 298
146 298
147 298
214 298
150 298
151 298
153 298
156 298
159 298
164 298
271 298
288 298
132 12
132 13
132 20
132 24
132 208
132 39
132 222
132 60
132 61
77 132
216 132
85 132
86 132
74 66
75 74
80 74
81 94
247 248
75 98
75 23
75 27
75 51
75 52
75 70
80 75
240 308
255 289
255 291
232 255
307 231
166 231
219 231
239 340
202 35
211 21
211 76
275 177
133 107
133 292
133 46
133 224
133 231
135 133
136 133
138 133
300 133
141 133
79 133
144 133
149 133
233 133
317 133
155 133
157 133
161 133
163 133
306 133
307 133
165 133
166 133
242 133
219 133
304 134
348 134
312 134
337 134
135 102
135 22
135 292
135 46
135 224
135 231
136 135
138 135
300 135
141 135
79 135
144 135
149 135
233 135
317 135
155 135
157 135
161 135
162 135
163 135
306 135
307 135
165 135
166 135
242 135
219 135
136 22
136 292
136 46
136 224
136 231
138 136
300 136
141 136
79 136
144 136
149 136
233 136
317 136
152 136
155 136
157 136
161 136
162 136
163 136
306 136
307 136
165 136
166 136
242 136
219 136
137 297
137 128
137 243
299 137
140 137
143 137
146 137
147 137
214 137
270 137
151 137
153 137
159 137
164 137
271 137
167 137
288 137
77 100
77 10
77 12
77 13
77 89
77 208
77 39
77 222
77 60
77 61
216 77
85 77
86 77
82 260
299 115
299 331
299 128
299 243
299 298
265 299
139 299
140 299
302 299
143 299
146 299
148 299
214 299
150 299
151 299
153 299
164 299
271 299
167 299
288 299
318 78
138 292
138 46
138 224
138 231
300 138
141 138
79 138
149 138
233 138
317 138
155 138
157 138
161 138
162 138
163 138
306 138
307 138
165 138
166 138
242 138
219 138
232 289
232 291
203 193
307 300
166 300
212 301
268 301
217 301
305 301
268 212
217 212
305 212
265 115
265 130
265 243
265 298
139 265
140 265
302 265
143 265
146 265
147 265
148 265
214 265
150 265
270 265
153 265
156 265
158 265
159 265
164 265
271 265
167 265
288 265
139 115
139 243
139 137
140 139
302 139
143 139
146 139
147 139
214 139
270 139
151 139
153 139
156 139
159 139
164 139
167 139
288 139
140 234
140 115
140 122
140 243
302 140
143 140
146 140
148 140
150 140
270 140
151 140
153 140
156 140
159 140
164 140
271 140
167 140
288 140
205 262
302 234
302 115
302 126
302 129
302 243
143 302
146 302
214 302
150 302
151 302
153 302
156 302
158 302
159 302
164 302
271 302
167 302
288 302
141 292
141 46
141 224
141 231
141 300
79 141
144 141
149 141
233 141
317 141
152 141
155 141
157 141
161 141
162 141
163 141
306 141
307 141
165 141
166 141
242 141
219 141
171 16
213 171
303 316
143 326
143 324
143 283
143 338
143 331
143 243
146 143
147 143
148 143
214 143
150 143
270 143
151 143
153 143
156 143
158 143
159 143
164 143
271 143
167 143
288 143
144 79
233 79
317 79
152 79
155 79
161 79
162 79
163 79
165 79
241 266
309 267
310 267
354 267
310 309
354 309
144 102
144 292
144 46
144 224
144 231
144 138
144 300
149 144
233 144
317 144
152 144
155 144
157 144
161 144
162 144
163 144
306 144
307 144
165 144
242 144
219 144
342 345
330 345
146 234
146 8
147 146
148 146
214 146
151 146
271 146
288 146
354 310
217 268
305 268
355 360
147 297
147 243
147 299
148 147
214 147
150 147
151 147
156 147
158 147
271 147
167 147
288 147
352 356
148 234
148 314
148 128
148 243
148 298
148 137
214 148
270 148
151 148
153 148
158 148
159 148
164 148
271 148
167 148
288 148
214 8
214 314
214 126
214 128
214 243
270 214
153 214
156 214
158 214
159 214
164 214
271 214
288 214
149 290
149 292
149 46
149 224
149 231
149 300
149 79
233 149
152 149
155 149
157 149
161 149
162 149
163 149
306 149
307 149
165 149
166 149
242 149
219 149
150 99
150 130
150 243
150 139
270 150
153 150
156 150
158 150
159 150
271 150
167 150
288 150
312 304
337 304
242 233
216 40
216 119
216 199
216 60
86 216
218 321
337 348
317 292
317 46
317 224
317 231
317 300
317 149
317 233
152 317
155 317
157 317
161 317
162 317
163 317
306 317
307 317
165 317
242 317
219 317
270 234
270 326
270 297
270 243
270 298
270 299
270 146
156 270
167 270
288 270
151 99
151 234
151 326
151 116
151 122
151 243
151 150
153 151
156 151
159 151
164 151
271 151
167 151
288 151
305 217
152 292
152 46
152 224
152 231
152 133
152 135
152 300
152 233
155 152
157 152
161 152
162 152
163 152
306 152
307 152
165 152
166 152
242 152
219 152
361 364
312 348
330 342
336 353
337 312
335 363
349 269
81 6
81 59
153 234
153 314
153 129
153 130
153 243
153 270
158 153
159 153
271 153
167 153
288 153
155 101
155 292
155 294
155 46
155 224
155 231
155 300
155 233
157 155
161 155
162 155
163 155
306 155
166 155
242 155
219 155
156 243
156 137
156 148
158 156
159 156
167 156
288 156
157 290
157 292
157 46
157 224
157 231
157 300
157 233
161 157
162 157
163 157
306 157
307 157
165 157
166 157
242 157
219 157
158 234
158 115
158 116
158 314
158 243
158 137
158 139
158 146
158 270
159 158
288 158
159 243
159 147
159 270
271 159
167 159
288 159
161 292
161 224
161 231
161 300
161 233
162 161
163 161
306 161
307 161
165 161
166 161
242 161
219 161
162 292
162 46
162 224
162 231
162 133
162 300
162 233
163 162
306 162
307 162
165 162
166 162
242 162
219 162
163 290
163 292
163 294
163 46
163 224
163 231
163 300
163 233
306 163
307 163
165 163
166 163
242 163
219 163
164 234
164 121
164 126
164 129
164 130
164 243
164 146
164 150
164 270
164 153
271 164
167 164
288 164
306 233
242 306
84 83
85 28
85 216
86 100
86 10
86 12
86 13
86 208
86 39
86 222
86 60
86 61
86 85
166 307
271 121
271 126
271 243
271 139
271 158
288 271
165 46
165 224
165 231
165 300
165 233
165 155
165 306
165 307
166 165
242 165
219 165
219 166
167 297
167 243
167 146
167 214
167 158
288 167
288 8
219 294
219 79
219 233
