2 1
3 1
4 1
5 1
9 1
10 1
11 1
12 1
13 1
14 1
15 1
17 1
18 1
19 1
20 1
21 1
24 1
25 1
26 1
27 1
29 1
30 1
31 1
32 1
33 1
34 1
35 1
36 1
37 1
38 1
39 1
40 1
41 1
42 1
44 1
45 1
47 1
48 1
51 1
52 1
53 1
56 1
57 1
60 1
61 1
63 1
64 1
65 1
67 1
69 1
70 1
71 1
72 1
73 1
74 1
75 1
76 1
77 1
80 1
82 1
85 1
86 1
6 87
88 87
23 87
91 87
49 87
50 87
54 87
59 87
92 87
93 87
62 87
66 87
68 87
94 87
81 87
3 2
96 2
5 2
97 2
98 2
100 2
103 2
104 2
11 2
105 2
106 2
18 2
19 2
20 2
110 2
24 2
111 2
89 2
25 2
27 2
112 2
113 2
90 2
31 2
117 2
35 2
37 2
40 2
41 2
42 2
44 2
119 2
45 2
127 2
47 2
51 2
52 2
56 2
57 2
63 2
64 2
65 2
67 2
69 2
70 2
72 2
131 2
73 2
132 2
75 2
77 2
82 2
86 2
169 168
172 168
84 168
173 168
176 174
177 174
179 174
180 174
181 174
182 174
96 3
5 3
97 3
98 3
175 3
103 3
104 3
11 3
105 3
12 3
106 3
18 3
19 3
20 3
183 3
24 3
111 3
89 3
25 3
184 3
26 3
27 3
112 3
113 3
90 3
30 3
31 3
33 3
117 3
34 3
35 3
36 3
37 3
38 3
40 3
41 3
44 3
119 3
186 3
189 3
190 3
191 3
192 3
193 3
195 3
197 3
45 3
47 3
48 3
51 3
52 3
56 3
199 3
57 3
63 3
64 3
65 3
200 3
67 3
201 3
69 3
70 3
71 3
72 3
131 3
73 3
132 3
74 3
75 3
202 3
77 3
205 3
80 3
82 3
86 3
4 2
4 3
100 4
11 4
14 4
17 4
110 4
29 4
208 4
209 4
30 4
34 4
40 4
42 4
119 4
127 4
69 4
211 4
215 4
216 4
96 4
5 96
97 96
98 96
175 96
9 96
100 96
10 96
103 96
104 96
178 96
11 96
105 96
12 96
220 96
221 96
106 96
13 96
14 96
15 96
17 96
18 96
19 96
20 96
110 96
21 96
24 96
111 96
89 96
184 96
26 96
27 96
112 96
113 96
90 96
29 96
208 96
30 96
31 96
32 96
33 96
117 96
34 96
35 96
36 96
37 96
38 96
39 96
40 96
41 96
42 96
44 96
119 96
222 96
45 96
127 96
199 96
57 96
60 96
225 96
61 96
64 96
65 96
200 96
201 96
69 96
70 96
71 96
72 96
131 96
73 96
132 96
74 96
76 96
211 96
77 96
95 96
80 96
215 96
216 96
82 96
85 96
86 96
226 96
227 96
228 96
97 5
98 5
10 5
12 5
13 5
15 5
17 5
18 5
21 5
24 5
25 5
184 5
27 5
29 5
209 5
31 5
32 5
33 5
39 5
40 5
41 5
42 5
44 5
222 5
45 5
47 5
48 5
51 5
52 5
56 5
57 5
60 5
61 5
63 5
64 5
65 5
70 5
72 5
73 5
74 5
75 5
76 5
95 5
80 5
82 5
85 5
230 229
236 169
83 169
84 169
173 169
97 1
97 4
98 97
9 97
100 97
10 97
13 97
15 97
17 97
21 97
24 97
111 97
25 97
184 97
27 97
112 97
208 97
30 97
31 97
32 97
33 97
34 97
36 97
37 97
39 97
42 97
119 97
222 97
192 97
45 97
127 97
51 97
53 97
56 97
57 97
60 97
63 97
64 97
65 97
67 97
70 97
72 97
131 97
73 97
132 97
74 97
75 97
76 97
77 97
80 97
82 97
226 97
23 6
198 6
49 6
50 6
55 6
58 6
92 6
93 6
245 6
66 6
94 6
247 6
204 6
249 244
98 1
98 4
175 98
9 98
100 98
10 98
104 98
178 98
11 98
105 98
12 98
106 98
13 98
14 98
15 98
17 98
21 98
24 98
89 98
26 98
112 98
113 98
90 98
29 98
208 98
31 98
32 98
33 98
117 98
34 98
36 98
37 98
39 98
40 98
42 98
44 98
222 98
192 98
45 98
127 98
47 98
48 98
51 98
52 98
199 98
57 98
60 98
225 98
61 98
64 98
65 98
67 98
70 98
71 98
72 98
131 98
73 98
74 98
76 98
77 98
95 98
80 98
82 98
85 98
227 98
198 248
50 248
252 248
253 248
254 248
175 1
175 5
9 175
100 175
10 175
103 175
104 175
178 175
11 175
105 175
12 175
220 175
221 175
106 175
13 175
14 175
15 175
19 175
21 175
24 175
111 175
25 175
184 175
26 175
112 175
29 175
208 175
209 175
30 175
32 175
117 175
34 175
36 175
37 175
38 175
39 175
41 175
42 175
44 175
119 175
222 175
45 175
127 175
53 175
199 175
60 175
225 175
63 175
64 175
65 175
200 175
201 175
70 175
74 175
75 175
76 175
211 175
77 175
95 175
80 175
215 175
216 175
82 175
85 175
86 175
226 175
227 175
256 244
249 256
257 174
258 257
179 257
181 257
259 257
260 257
263 261
223 261
264 261
177 272
273 272
274 272
181 272
275 272
276 272
84 272
277 174
7 277
176 277
177 277
258 277
274 277
278 277
179 277
259 277
260 277
83 277
84 277
7 257
279 7
280 7
236 7
172 7
83 7
84 7
207 7
8 99
101 99
289 99
108 99
290 99
16 99
291 99
115 99
116 99
292 99
293 99
43 99
118 99
294 99
120 99
123 99
124 99
296 99
46 99
297 99
128 99
224 99
129 99
130 99
243 99
210 99
298 99
255 99
231 99
137 99
138 99
300 99
265 99
139 99
302 99
213 99
143 99
79 99
145 99
146 99
303 99
147 99
148 99
214 99
233 99
270 99
152 99
154 99
155 99
156 99
158 99
159 99
160 99
162 99
306 99
206 99
307 99
166 99
167 99
242 99
288 99
219 99
308 234
299 234
301 234
212 234
266 234
309 234
240 234
310 234
268 234
217 234
312 234
241 234
305 234
102 8
108 8
290 8
109 8
114 8
28 8
115 8
116 8
292 8
313 8
120 8
121 8
123 8
124 8
125 8
314 8
126 8
297 8
128 8
129 8
130 8
315 8
298 8
231 8
133 8
135 8
136 8
137 8
138 8
265 8
139 8
140 8
302 8
141 8
316 8
144 8
145 8
303 8
147 8
148 8
149 8
311 8
150 8
317 8
270 8
151 8
152 8
153 8
154 8
155 8
156 8
157 8
158 8
160 8
161 8
162 8
163 8
164 8
271 8
165 8
167 8
9 5
103 9
178 9
11 9
221 9
106 9
19 9
20 9
111 9
89 9
25 9
184 9
26 9
113 9
209 9
32 9
117 9
35 9
36 9
39 9
41 9
44 9
119 9
45 9
127 9
48 9
51 9
52 9
199 9
65 9
200 9
201 9
69 9
70 9
71 9
72 9
132 9
77 9
82 9
86 9
226 9
176 169
176 257
176 272
279 176
177 176
280 176
258 176
273 176
274 176
236 176
179 176
180 176
259 176
319 176
182 176
275 176
276 176
83 176
84 176
104 100
110 100
111 100
208 100
209 100
225 100
132 100
82 100
280 279
273 279
319 279
276 279
102 101
289 101
107 101
108 101
290 101
16 101
109 101
22 101
291 101
114 101
28 101
116 101
292 101
313 101
43 101
118 101
294 101
120 101
121 101
122 101
123 101
124 101
314 101
126 101
46 101
128 101
224 101
130 101
210 101
315 101
298 101
255 101
231 101
133 101
135 101
136 101
78 101
138 101
300 101
139 101
318 101
141 101
142 101
171 101
213 101
143 101
79 101
144 101
145 101
146 101
303 101
214 101
149 101
311 101
150 101
233 101
321 101
317 101
151 101
152 101
154 101
156 101
157 101
158 101
161 101
162 101
163 101
164 101
306 101
206 101
307 101
271 101
165 101
166 101
167 101
242 101
288 101
219 101
104 262
220 262
222 262
60 262
102 99
289 102
107 102
108 102
290 102
16 102
109 102
22 102
291 102
114 102
28 102
292 102
313 102
43 102
118 102
294 102
120 102
121 102
123 102
124 102
296 102
46 102
128 102
224 102
129 102
130 102
210 102
315 102
298 102
255 102
231 102
133 102
136 102
137 102
138 102
232 102
300 102
141 102
142 102
171 102
316 102
213 102
143 102
79 102
145 102
303 102
214 102
149 102
150 102
233 102
317 102
270 102
151 102
152 102
153 102
154 102
155 102
156 102
157 102
158 102
160 102
161 102
162 102
163 102
306 102
206 102
218 102
165 102
166 102
242 102
219 102
177 257
258 177
179 177
181 177
259 177
83 177
84 177
273 280
236 280
319 280
276 280
10 100
178 10
12 10
220 10
221 10
106 10
13 10
21 10
117 10
119 10
225 10
201 10
69 10
70 10
132 10
76 10
85 10
103 4
103 98
103 100
103 10
104 103
178 103
11 103
105 103
12 103
220 103
221 103
106 103
13 103
14 103
15 103
17 103
19 103
20 103
110 103
21 103
24 103
111 103
89 103
25 103
184 103
26 103
112 103
113 103
90 103
29 103
208 103
209 103
30 103
31 103
32 103
33 103
117 103
34 103
35 103
38 103
39 103
40 103
42 103
44 103
119 103
222 103
45 103
127 103
47 103
52 103
53 103
199 103
57 103
60 103
225 103
61 103
65 103
200 103
67 103
201 103
69 103
71 103
131 103
73 103
132 103
74 103
76 103
77 103
95 103
80 103
216 103
82 103
85 103
86 103
226 103
227 103
104 4
104 10
178 104
105 104
12 104
220 104
221 104
106 104
13 104
14 104
15 104
17 104
18 104
19 104
20 104
110 104
21 104
24 104
111 104
89 104
184 104
26 104
112 104
113 104
29 104
208 104
209 104
30 104
31 104
117 104
34 104
35 104
36 104
38 104
39 104
41 104
42 104
44 104
119 104
222 104
45 104
127 104
47 104
48 104
52 104
53 104
56 104
199 104
57 104
60 104
225 104
61 104
63 104
65 104
200 104
201 104
69 104
71 104
72 104
73 104
132 104
75 104
76 104
77 104
95 104
215 104
216 104
82 104
85 104
86 104
226 104
227 104
178 1
178 2
178 3
178 5
178 97
178 100
11 178
105 178
12 178
220 178
221 178
106 178
15 178
19 178
20 178
110 178
21 178
24 178
111 178
89 178
184 178
26 178
27 178
112 178
113 178
90 178
29 178
208 178
31 178
32 178
117 178
34 178
36 178
38 178
39 178
40 178
41 178
42 178
44 178
119 178
222 178
45 178
127 178
47 178
52 178
53 178
56 178
199 178
60 178
225 178
61 178
65 178
201 178
69 178
70 178
72 178
132 178
76 178
77 178
95 178
80 178
215 178
216 178
82 178
85 178
86 178
226 178
227 178
11 100
11 10
105 11
12 11
220 11
106 11
13 11
14 11
15 11
17 11
18 11
19 11
20 11
110 11
21 11
24 11
111 11
89 11
25 11
184 11
26 11
27 11
112 11
113 11
90 11
29 11
208 11
209 11
30 11
31 11
32 11
33 11
117 11
34 11
36 11
39 11
40 11
42 11
44 11
119 11
222 11
45 11
127 11
47 11
52 11
53 11
56 11
199 11
60 11
61 11
63 11
64 11
65 11
200 11
67 11
201 11
69 11
70 11
71 11
72 11
131 11
132 11
74 11
76 11
211 11
77 11
95 11
80 11
215 11
216 11
82 11
85 11
86 11
226 11
227 11
105 1
105 4
105 100
105 10
12 105
220 105
221 105
106 105
13 105
14 105
15 105
17 105
19 105
20 105
110 105
21 105
111 105
184 105
26 105
112 105
113 105
29 105
208 105
209 105
30 105
32 105
117 105
34 105
35 105
37 105
38 105
39 105
40 105
41 105
42 105
44 105
119 105
222 105
192 105
45 105
127 105
47 105
51 105
52 105
53 105
199 105
60 105
225 105
61 105
64 105
65 105
200 105
201 105
69 105
71 105
131 105
73 105
132 105
74 105
76 105
77 105
95 105
80 105
216 105
82 105
85 105
86 105
226 105
227 105
12 100
220 12
221 12
106 12
13 12
19 12
74 12
76 12
80 12
85 12
221 220
21 220
40 220
53 220
61 220
74 220
76 220
227 220
221 2
221 3
15 221
19 221
112 221
209 221
32 221
39 221
41 221
189 221
127 221
48 221
200 221
69 221
73 221
132 221
77 221
226 221
106 1
106 4
106 100
13 106
14 106
15 106
17 106
19 106
20 106
110 106
21 106
24 106
111 106
89 106
25 106
184 106
26 106
27 106
112 106
113 106
90 106
208 106
209 106
30 106
31 106
32 106
33 106
117 106
34 106
36 106
37 106
38 106
39 106
40 106
42 106
44 106
119 106
222 106
45 106
127 106
51 106
52 106
53 106
199 106
60 106
225 106
61 106
63 106
65 106
200 106
67 106
69 106
70 106
71 106
131 106
73 106
132 106
75 106
76 106
77 106
95 106
215 106
216 106
82 106
85 106
86 106
226 106
13 4
14 13
60 13
201 13
74 13
85 13
116 326
283 326
327 326
121 326
123 326
126 326
130 326
298 326
265 326
140 326
302 326
144 326
148 326
150 326
153 326
156 326
271 326
167 326
14 3
14 100
14 178
15 14
19 14
21 14
24 14
89 14
26 14
90 14
208 14
209 14
31 14
40 14
42 14
45 14
225 14
65 14
200 14
201 14
71 14
131 14
132 14
76 14
211 14
77 14
86 14
15 3
15 9
15 100
18 15
19 15
20 15
21 15
89 15
184 15
27 15
112 15
113 15
208 15
209 15
117 15
36 15
42 15
44 15
45 15
47 15
48 15
56 15
199 15
200 15
201 15
69 15
73 15
132 15
75 15
76 15
211 15
77 15
215 15
82 15
86 15
226 15
322 174
322 177
172 322
173 322
278 325
179 325
328 325
259 325
172 325
173 325
109 289
291 289
292 289
243 289
210 289
135 289
318 289
233 289
206 289
288 289
219 289
107 99
107 8
107 289
108 107
290 107
16 107
109 107
22 107
291 107
114 107
28 107
116 107
292 107
313 107
43 107
118 107
294 107
120 107
123 107
124 107
125 107
314 107
126 107
296 107
46 107
128 107
224 107
129 107
130 107
243 107
210 107
315 107
255 107
231 107
135 107
136 107
137 107
78 107
138 107
300 107
140 107
318 107
302 107
141 107
142 107
171 107
316 107
213 107
143 107
79 107
303 107
149 107
311 107
150 107
233 107
321 107
317 107
270 107
152 107
153 107
154 107
155 107
157 107
158 107
159 107
160 107
161 107
162 107
163 107
164 107
306 107
206 107
307 107
218 107
271 107
165 107
166 107
167 107
242 107
288 107
219 107
108 289
290 108
16 108
109 108
22 108
291 108
114 108
115 108
116 108
292 108
313 108
43 108
118 108
294 108
120 108
121 108
123 108
124 108
125 108
314 108
126 108
296 108
46 108
128 108
224 108
243 108
210 108
315 108
255 108
231 108
133 108
135 108
136 108
78 108
138 108
300 108
265 108
139 108
140 108
302 108
141 108
142 108
171 108
316 108
213 108
143 108
79 108
144 108
303 108
149 108
311 108
150 108
233 108
321 108
317 108
152 108
153 108
154 108
155 108
156 108
157 108
158 108
160 108
161 108
162 108
163 108
306 108
206 108
307 108
218 108
271 108
165 108
166 108
167 108
242 108
288 108
219 108
290 289
16 290
109 290
22 290
291 290
114 290
28 290
116 290
292 290
313 290
294 290
120 290
121 290
122 290
123 290
124 290
314 290
46 290
128 290
224 290
243 290
210 290
315 290
298 290
255 290
231 290
133 290
135 290
136 290
78 290
138 290
232 290
300 290
139 290
302 290
141 290
171 290
316 290
213 290
143 290
79 290
144 290
145 290
303 290
311 290
150 290
233 290
317 290
151 290
152 290
154 290
155 290
156 290
160 290
161 290
162 290
306 290
206 290
307 290
218 290
165 290
166 290
167 290
242 290
288 290
219 290
114 16
116 16
121 16
123 16
124 16
125 16
314 16
126 16
297 16
128 16
130 16
298 16
133 16
135 16
136 16
137 16
138 16
265 16
139 16
140 16
302 16
141 16
213 16
143 16
144 16
145 16
146 16
147 16
148 16
149 16
311 16
150 16
317 16
270 16
151 16
152 16
154 16
155 16
156 16
157 16
158 16
160 16
161 16
162 16
163 16
164 16
271 16
165 16
167 16
17 3
18 17
19 17
20 17
24 17
111 17
89 17
25 17
184 17
26 17
27 17
112 17
113 17
90 17
29 17
31 17
33 17
117 17
35 17
37 17
38 17
41 17
44 17
119 17
45 17
47 17
48 17
52 17
56 17
199 17
57 17
64 17
65 17
200 17
67 17
201 17
69 17
70 17
71 17
72 17
73 17
132 17
77 17
82 17
86 17
18 4
18 97
18 98
18 9
18 10
18 103
18 12
18 106
18 13
20 18
21 18
111 18
25 18
184 18
27 18
112 18
90 18
208 18
209 18
31 18
32 18
33 18
34 18
36 18
37 18
38 18
39 18
41 18
42 18
44 18
119 18
222 18
193 18
195 18
45 18
47 18
48 18
51 18
53 18
56 18
199 18
57 18
60 18
63 18
64 18
65 18
200 18
67 18
201 18
131 18
74 18
75 18
76 18
211 18
77 18
80 18
216 18
82 18
85 18
19 4
19 98
19 100
19 10
19 13
19 18
20 19
110 19
21 19
24 19
111 19
89 19
25 19
184 19
26 19
112 19
113 19
90 19
29 19
208 19
209 19
30 19
31 19
32 19
33 19
117 19
34 19
35 19
37 19
38 19
39 19
40 19
41 19
42 19
44 19
119 19
222 19
45 19
127 19
47 19
48 19
52 19
56 19
199 19
57 19
60 19
225 19
61 19
63 19
64 19
65 19
200 19
201 19
69 19
71 19
72 19
131 19
73 19
132 19
76 19
77 19
95 19
215 19
216 19
82 19
85 19
86 19
226 19
20 4
20 97
20 175
20 100
20 10
20 12
20 220
20 221
20 13
20 14
110 20
21 20
24 20
111 20
89 20
184 20
26 20
112 20
113 20
29 20
208 20
209 20
32 20
33 20
117 20
34 20
35 20
36 20
38 20
39 20
40 20
42 20
44 20
119 20
222 20
127 20
47 20
52 20
53 20
199 20
57 20
60 20
225 20
61 20
63 20
65 20
200 20
67 20
201 20
69 20
70 20
71 20
131 20
73 20
74 20
75 20
76 20
77 20
95 20
80 20
215 20
216 20
82 20
85 20
86 20
226 20
227 20
235 99
115 235
331 235
332 235
138 235
141 235
144 235
148 235
151 235
157 235
158 235
288 235
22 109
291 109
114 109
28 109
115 109
292 109
313 109
43 109
118 109
294 109
120 109
123 109
124 109
125 109
314 109
126 109
296 109
46 109
128 109
224 109
130 109
243 109
210 109
315 109
298 109
255 109
231 109
133 109
135 109
136 109
138 109
300 109
265 109
302 109
141 109
142 109
171 109
316 109
143 109
79 109
144 109
145 109
303 109
147 109
149 109
311 109
150 109
233 109
287 109
321 109
317 109
152 109
154 109
155 109
156 109
157 109
158 109
161 109
162 109
163 109
306 109
206 109
307 109
218 109
165 109
166 109
167 109
242 109
288 109
219 109
21 13
112 21
34 21
39 21
127 21
60 21
74 21
76 21
80 21
82 21
85 21
179 258
181 258
259 258
182 258
236 273
276 273
183 1
183 262
26 183
113 183
31 183
35 183
45 183
48 183
51 183
63 183
69 183
73 183
202 183
80 183
83 274
84 274
173 274
22 99
114 22
115 22
116 22
313 22
120 22
123 22
124 22
125 22
314 22
126 22
46 22
297 22
128 22
224 22
130 22
298 22
133 22
138 22
265 22
141 22
143 22
144 22
145 22
146 22
148 22
149 22
311 22
150 22
317 22
270 22
151 22
152 22
153 22
154 22
155 22
156 22
157 22
158 22
159 22
160 22
161 22
162 22
163 22
164 22
271 22
165 22
167 22
219 22
88 6
23 88
185 88
55 88
58 88
59 88
92 88
62 88
68 88
247 88
204 88
81 88
185 23
91 23
198 23
49 23
50 23
54 23
333 23
55 23
58 23
59 23
92 23
93 23
245 23
66 23
68 23
94 23
319 236
207 236
24 4
24 9
24 100
24 10
24 12
24 220
24 221
24 13
24 15
24 110
24 21
111 24
89 24
25 24
184 24
26 24
27 24
112 24
113 24
90 24
29 24
208 24
209 24
31 24
32 24
117 24
34 24
35 24
36 24
37 24
38 24
39 24
40 24
41 24
42 24
44 24
119 24
222 24
45 24
47 24
51 24
52 24
56 24
199 24
57 24
60 24
225 24
61 24
63 24
65 24
200 24
67 24
69 24
71 24
131 24
73 24
74 24
76 24
211 24
77 24
95 24
80 24
216 24
82 24
85 24
86 24
226 24
227 24
111 4
111 10
111 12
111 220
111 13
111 14
111 15
111 110
111 21
89 111
26 111
27 111
112 111
113 111
90 111
29 111
208 111
209 111
30 111
31 111
32 111
33 111
117 111
34 111
35 111
36 111
38 111
39 111
40 111
42 111
44 111
119 111
222 111
45 111
127 111
47 111
48 111
52 111
53 111
199 111
60 111
225 111
61 111
63 111
64 111
65 111
200 111
201 111
69 111
70 111
71 111
131 111
73 111
132 111
74 111
76 111
77 111
95 111
80 111
215 111
216 111
82 111
85 111
86 111
226 111
227 111
292 291
224 291
210 291
136 291
318 291
233 291
206 291
288 291
219 291
89 1
89 4
89 175
89 100
89 10
89 105
89 12
89 13
89 110
89 21
184 89
26 89
27 89
112 89
113 89
90 89
29 89
208 89
209 89
30 89
31 89
32 89
33 89
117 89
34 89
37 89
38 89
39 89
40 89
41 89
42 89
44 89
119 89
222 89
45 89
127 89
47 89
52 89
53 89
199 89
57 89
60 89
225 89
61 89
63 89
64 89
65 89
200 89
67 89
201 89
71 89
131 89
73 89
132 89
74 89
75 89
76 89
95 89
80 89
215 89
216 89
82 89
85 89
86 89
226 89
228 89
25 4
25 10
25 104
25 105
25 12
25 221
25 13
25 14
25 15
25 21
25 89
184 25
26 25
27 25
112 25
113 25
90 25
29 25
31 25
32 25
33 25
34 25
35 25
37 25
38 25
39 25
41 25
42 25
44 25
119 25
222 25
285 25
45 25
127 25
47 25
48 25
52 25
56 25
60 25
61 25
63 25
64 25
65 25
201 25
69 25
71 25
73 25
74 25
75 25
76 25
77 25
95 25
80 25
216 25
82 25
184 1
184 2
184 4
184 100
184 10
184 12
184 220
184 13
184 14
184 21
26 184
27 184
112 184
29 184
208 184
209 184
30 184
31 184
32 184
117 184
34 184
35 184
36 184
37 184
38 184
39 184
40 184
41 184
42 184
44 184
119 184
222 184
190 184
127 184
47 184
48 184
51 184
52 184
53 184
56 184
199 184
57 184
60 184
61 184
63 184
65 184
200 184
67 184
201 184
69 184
71 184
72 184
73 184
74 184
75 184
76 184
211 184
77 184
95 184
80 184
215 184
216 184
82 184
85 184
86 184
226 184
227 184
228 184
26 2
26 4
26 5
26 97
26 100
26 10
26 12
26 220
26 221
26 13
26 15
26 21
27 26
112 26
113 26
90 26
29 26
208 26
30 26
31 26
32 26
33 26
117 26
34 26
35 26
36 26
37 26
38 26
39 26
42 26
44 26
119 26
222 26
45 26
47 26
52 26
53 26
199 26
57 26
60 26
225 26
61 26
63 26
64 26
65 26
200 26
201 26
69 26
70 26
71 26
72 26
131 26
73 26
132 26
74 26
75 26
76 26
77 26
95 26
80 26
215 26
216 26
82 26
85 26
86 26
226 26
227 26
27 98
27 9
27 10
27 12
27 13
27 19
27 21
113 27
29 27
30 27
32 27
33 27
34 27
35 27
36 27
39 27
41 27
42 27
44 27
222 27
190 27
191 27
127 27
48 27
51 27
52 27
56 27
199 27
60 27
61 27
63 27
64 27
200 27
67 27
71 27
72 27
73 27
74 27
76 27
77 27
95 27
80 27
85 27
86 27
112 1
112 4
112 5
112 9
112 100
112 10
112 12
112 220
112 13
112 14
113 112
90 112
29 112
208 112
209 112
30 112
31 112
32 112
33 112
117 112
34 112
35 112
37 112
38 112
39 112
41 112
42 112
44 112
119 112
222 112
45 112
127 112
47 112
48 112
51 112
52 112
53 112
56 112
199 112
57 112
60 112
61 112
63 112
65 112
200 112
69 112
70 112
73 112
132 112
74 112
75 112
76 112
77 112
95 112
80 112
215 112
216 112
82 112
85 112
86 112
226 112
113 4
113 175
113 100
113 10
113 12
113 220
113 221
113 13
113 14
113 18
113 110
113 21
113 184
29 113
208 113
30 113
32 113
117 113
34 113
35 113
36 113
37 113
38 113
39 113
40 113
41 113
42 113
44 113
119 113
222 113
197 113
127 113
47 113
48 113
51 113
52 113
53 113
199 113
57 113
60 113
225 113
61 113
63 113
65 113
200 113
67 113
201 113
69 113
71 113
72 113
73 113
132 113
74 113
75 113
76 113
211 113
77 113
95 113
80 113
215 113
216 113
82 113
85 113
86 113
226 113
227 113
90 1
90 4
90 97
90 100
90 10
90 104
90 12
90 13
90 15
90 20
90 21
90 27
29 90
208 90
209 90
30 90
31 90
32 90
33 90
117 90
34 90
35 90
36 90
37 90
38 90
39 90
40 90
41 90
42 90
44 90
119 90
222 90
48 90
51 90
56 90
199 90
57 90
60 90
225 90
63 90
65 90
67 90
201 90
69 90
70 90
71 90
131 90
73 90
132 90
74 90
75 90
76 90
95 90
80 90
85 90
226 90
228 90
114 99
114 289
114 291
116 114
292 114
313 114
118 114
294 114
120 114
121 114
122 114
123 114
124 114
125 114
314 114
126 114
296 114
46 114
297 114
128 114
224 114
129 114
130 114
243 114
210 114
315 114
298 114
255 114
231 114
133 114
135 114
136 114
137 114
78 114
138 114
300 114
139 114
140 114
302 114
141 114
171 114
316 114
213 114
143 114
79 114
144 114
145 114
303 114
148 114
149 114
311 114
150 114
233 114
321 114
317 114
270 114
152 114
153 114
155 114
157 114
160 114
161 114
162 114
163 114
164 114
306 114
206 114
307 114
218 114
271 114
165 114
166 114
167 114
242 114
288 114
219 114
28 99
28 108
28 114
115 28
116 28
292 28
313 28
120 28
121 28
122 28
123 28
124 28
125 28
314 28
297 28
128 28
129 28
130 28
315 28
298 28
231 28
133 28
135 28
136 28
138 28
139 28
140 28
302 28
141 28
316 28
144 28
145 28
147 28
148 28
214 28
149 28
311 28
150 28
317 28
270 28
151 28
152 28
153 28
154 28
155 28
156 28
157 28
158 28
159 28
160 28
161 28
162 28
163 28
164 28
271 28
165 28
167 28
29 3
29 97
29 12
29 106
29 13
30 29
31 29
33 29
117 29
34 29
35 29
36 29
37 29
38 29
44 29
119 29
45 29
47 29
48 29
199 29
57 29
63 29
65 29
200 29
201 29
69 29
70 29
71 29
72 29
131 29
73 29
132 29
75 29
77 29
82 29
86 29
85 208
115 101
115 289
115 107
115 16
115 291
116 115
292 115
43 115
118 115
294 115
122 115
46 115
297 115
224 115
129 115
130 115
243 115
210 115
298 115
255 115
231 115
133 115
135 115
137 115
78 115
138 115
300 115
141 115
171 115
213 115
143 115
145 115
146 115
147 115
148 115
214 115
149 115
311 115
233 115
270 115
151 115
152 115
153 115
156 115
159 115
160 115
162 115
163 115
164 115
206 115
271 115
166 115
167 115
288 115
219 115
209 3
209 17
209 110
209 29
32 209
39 209
127 209
225 209
216 209
116 289
116 109
116 291
292 116
313 116
324 116
43 116
118 116
294 116
121 116
123 116
124 116
125 116
314 116
126 116
46 116
297 116
128 116
224 116
129 116
130 116
243 116
210 116
315 116
255 116
231 116
135 116
136 116
137 116
138 116
300 116
265 116
139 116
140 116
302 116
141 116
171 116
213 116
143 116
79 116
145 116
146 116
303 116
150 116
233 116
317 116
270 116
152 116
153 116
154 116
155 116
156 116
159 116
160 116
161 116
162 116
164 116
306 116
206 116
218 116
271 116
165 116
167 116
242 116
288 116
219 116
278 7
278 177
278 258
278 236
179 278
181 278
182 278
275 278
260 278
83 278
173 278
224 292
213 292
233 292
165 292
219 292
30 5
30 10
30 12
30 18
31 30
33 30
117 30
34 30
35 30
36 30
38 30
41 30
44 30
119 30
45 30
127 30
47 30
48 30
51 30
52 30
57 30
64 30
65 30
200 30
67 30
201 30
69 30
70 30
71 30
72 30
73 30
132 30
77 30
82 30
86 30
281 99
281 115
282 281
293 281
338 281
339 281
340 281
121 281
314 281
265 281
139 281
143 281
146 281
147 281
214 281
270 281
151 281
152 281
155 281
156 281
159 281
162 281
282 108
341 282
130 282
298 282
140 282
318 282
143 282
287 282
270 282
158 282
159 282
313 289
313 291
313 292
118 313
294 313
120 313
122 313
123 313
124 313
314 313
126 313
296 313
46 313
224 313
129 313
243 313
210 313
315 313
255 313
231 313
133 313
135 313
136 313
78 313
138 313
300 313
318 313
302 313
141 313
171 313
316 313
213 313
143 313
79 313
144 313
145 313
146 313
303 313
149 313
311 313
150 313
233 313
321 313
317 313
151 313
152 313
153 313
154 313
155 313
157 313
158 313
160 313
161 313
162 313
306 313
206 313
307 313
218 313
165 313
166 313
242 313
288 313
219 313
31 4
31 100
31 10
31 12
31 13
31 15
31 21
31 208
32 31
33 31
34 31
35 31
36 31
37 31
38 31
39 31
40 31
41 31
44 31
222 31
343 31
45 31
127 31
48 31
51 31
52 31
56 31
199 31
57 31
60 31
63 31
67 31
70 31
71 31
72 31
131 31
73 31
74 31
75 31
76 31
95 31
80 31
82 31
85 31
86 31
293 326
293 235
293 109
293 116
324 293
327 293
339 293
121 293
122 293
126 293
140 293
146 293
287 293
151 293
163 293
341 326
341 235
341 115
324 341
283 341
331 341
339 341
121 341
332 341
129 341
243 341
137 341
265 341
140 341
311 341
161 341
32 14
33 32
37 32
38 32
39 32
40 32
41 32
42 32
44 32
119 32
45 32
127 32
47 32
51 32
56 32
57 32
63 32
64 32
65 32
200 32
201 32
69 32
131 32
73 32
132 32
75 32
77 32
82 32
86 32
226 32
33 2
33 4
33 9
33 10
33 104
33 178
33 105
33 13
33 14
33 15
33 21
33 113
33 208
34 33
35 33
36 33
37 33
38 33
39 33
40 33
41 33
42 33
44 33
119 33
222 33
48 33
51 33
52 33
53 33
199 33
60 33
225 33
61 33
63 33
64 33
65 33
67 33
72 33
131 33
73 33
74 33
75 33
76 33
77 33
95 33
80 33
216 33
85 33
86 33
117 4
117 100
117 12
117 220
117 13
117 14
117 18
117 110
117 21
117 25
117 208
117 209
117 32
34 117
35 117
38 117
39 117
40 117
42 117
44 117
119 117
222 117
45 117
127 117
47 117
51 117
52 117
53 117
199 117
60 117
225 117
61 117
63 117
64 117
65 117
200 117
201 117
69 117
131 117
73 117
132 117
74 117
75 117
76 117
211 117
77 117
95 117
80 117
215 117
216 117
85 117
86 117
226 117
227 117
34 100
34 221
34 17
37 34
39 34
119 34
65 34
74 34
76 34
95 34
215 34
85 34
35 4
35 5
35 98
35 100
35 10
35 178
35 11
35 12
35 220
35 13
35 14
35 15
35 110
35 21
35 89
35 208
35 32
35 34
37 35
38 35
39 35
40 35
41 35
42 35
44 35
119 35
222 35
45 35
127 35
48 35
52 35
57 35
60 35
61 35
64 35
65 35
200 35
67 35
201 35
69 35
70 35
73 35
132 35
74 35
76 35
77 35
80 35
85 35
86 35
227 35
36 2
36 4
36 5
36 100
36 10
36 103
36 12
36 221
36 13
36 17
36 19
36 110
36 21
36 25
36 208
36 209
36 32
36 117
36 34
36 35
37 36
39 36
40 36
41 36
42 36
44 36
119 36
222 36
186 36
45 36
127 36
48 36
52 36
56 36
60 36
225 36
65 36
200 36
67 36
201 36
70 36
72 36
131 36
73 36
132 36
74 36
75 36
76 36
95 36
80 36
85 36
86 36
228 36
37 4
37 5
37 100
37 10
37 104
37 11
37 12
37 220
37 13
37 15
37 21
37 111
37 27
37 209
37 30
38 37
39 37
40 37
41 37
42 37
222 37
192 37
45 37
47 37
48 37
51 37
52 37
53 37
199 37
60 37
61 37
63 37
64 37
65 37
200 37
67 37
70 37
71 37
72 37
131 37
73 37
74 37
75 37
76 37
95 37
80 37
85 37
226 37
227 37
38 2
38 4
38 98
38 9
38 100
38 10
38 11
38 12
38 13
38 15
38 21
38 208
38 209
38 34
38 36
39 38
40 38
41 38
44 38
119 38
222 38
45 38
127 38
48 38
51 38
52 38
53 38
56 38
199 38
60 38
225 38
61 38
63 38
64 38
65 38
67 38
201 38
69 38
70 38
71 38
72 38
73 38
132 38
74 38
76 38
77 38
95 38
80 38
216 38
82 38
85 38
86 38
227 38
39 2
39 3
39 100
39 14
39 15
39 29
127 39
69 39
76 39
226 39
324 235
121 324
297 324
128 324
135 324
137 324
139 324
214 324
150 324
233 324
153 324
159 324
283 99
283 115
327 283
122 283
314 283
297 283
137 283
265 283
139 283
141 283
147 283
214 283
150 283
151 283
156 283
157 283
338 115
338 116
314 338
332 338
129 338
133 338
140 338
141 338
146 338
147 338
148 338
214 338
287 338
153 338
158 338
159 338
271 338
331 326
331 293
331 338
314 331
126 331
130 331
137 331
140 331
144 331
147 331
148 331
270 331
151 331
153 331
159 331
167 331
122 327
298 327
140 327
302 327
148 327
149 327
287 327
151 327
153 327
154 327
158 327
271 327
288 327
284 234
239 284
299 284
301 284
266 284
267 284
240 284
268 284
312 284
305 284
237 326
237 235
237 293
237 341
237 338
237 331
136 237
138 237
302 237
317 237
151 237
158 237
164 237
40 100
40 13
40 15
40 110
40 21
40 26
40 112
40 208
40 209
40 39
42 40
119 40
222 40
45 40
127 40
47 40
52 40
53 40
56 40
199 40
57 40
60 40
225 40
61 40
65 40
67 40
201 40
71 40
72 40
131 40
73 40
132 40
74 40
76 40
77 40
80 40
86 40
226 40
227 40
228 40
339 326
339 324
339 338
339 327
121 339
122 339
125 339
332 339
137 339
265 339
139 339
143 339
146 339
147 339
287 339
151 339
156 339
159 339
162 339
271 339
41 4
41 97
41 98
41 10
41 11
41 12
41 220
41 106
41 13
41 15
41 21
41 111
41 26
41 29
41 208
41 209
41 117
41 39
41 40
42 41
44 41
119 41
222 41
45 41
127 41
47 41
48 41
51 41
52 41
56 41
199 41
57 41
60 41
61 41
63 41
65 41
200 41
67 41
70 41
72 41
131 41
73 41
132 41
74 41
75 41
76 41
95 41
80 41
82 41
85 41
86 41
226 41
42 3
42 17
42 110
42 208
42 209
44 42
45 42
48 42
199 42
57 42
225 42
200 42
72 42
131 42
75 42
76 42
211 42
215 42
216 42
43 291
118 43
120 43
121 43
122 43
123 43
124 43
125 43
314 43
126 43
297 43
128 43
298 43
133 43
135 43
136 43
137 43
78 43
138 43
265 43
139 43
140 43
302 43
141 43
142 43
143 43
144 43
146 43
147 43
149 43
150 43
270 43
151 43
153 43
156 43
157 43
158 43
159 43
160 43
161 43
162 43
164 43
271 43
165 43
166 43
167 43
123 118
128 118
130 118
315 118
298 118
255 118
231 118
232 118
140 118
142 118
171 118
316 118
213 118
143 118
303 118
317 118
159 118
271 118
165 118
166 118
340 235
340 116
340 293
122 340
146 340
287 340
270 340
165 340
167 340
170 261
263 170
295 170
180 179
181 179
259 179
120 294
121 294
122 294
124 294
125 294
314 294
126 294
297 294
128 294
129 294
130 294
210 294
298 294
133 294
135 294
136 294
137 294
78 294
138 294
300 294
318 294
302 294
141 294
171 294
144 294
145 294
148 294
149 294
150 294
317 294
151 294
152 294
153 294
154 294
156 294
157 294
158 294
159 294
161 294
162 294
307 294
271 294
165 294
166 294
167 294
346 295
91 185
252 185
55 185
92 185
93 185
62 185
247 185
44 4
44 100
44 10
44 12
44 220
44 221
44 13
44 14
44 110
44 21
44 208
44 209
44 34
44 39
44 40
119 44
222 44
45 44
127 44
47 44
48 44
53 44
56 44
199 44
57 44
60 44
225 44
61 44
200 44
67 44
201 44
69 44
70 44
71 44
72 44
73 44
132 44
74 44
75 44
76 44
77 44
95 44
215 44
216 44
82 44
85 44
86 44
226 44
227 44
119 1
119 98
119 100
119 12
119 220
119 13
119 14
119 15
119 110
119 21
119 208
119 209
119 37
119 39
222 119
45 119
127 119
48 119
52 119
53 119
199 119
57 119
60 119
225 119
61 119
65 119
200 119
201 119
69 119
70 119
71 119
73 119
132 119
75 119
76 119
77 119
95 119
215 119
82 119
85 119
86 119
226 119
227 119
60 222
61 222
238 230
120 289
120 291
120 116
120 118
121 120
122 120
123 120
124 120
314 120
296 120
46 120
128 120
224 120
129 120
130 120
243 120
210 120
315 120
255 120
231 120
133 120
135 120
136 120
78 120
138 120
300 120
318 120
302 120
141 120
316 120
213 120
143 120
79 120
144 120
303 120
214 120
149 120
150 120
233 120
321 120
317 120
151 120
152 120
153 120
154 120
155 120
157 120
158 120
160 120
161 120
162 120
306 120
206 120
307 120
218 120
271 120
165 120
166 120
167 120
242 120
288 120
219 120
186 262
186 11
186 25
186 27
186 90
186 37
186 38
52 186
57 186
64 186
70 186
71 186
72 186
131 186
82 186
121 289
121 109
121 291
121 115
121 292
121 313
121 118
123 121
124 121
314 121
46 121
128 121
224 121
129 121
243 121
315 121
298 121
255 121
133 121
135 121
137 121
78 121
138 121
300 121
265 121
139 121
140 121
302 121
171 121
316 121
213 121
143 121
144 121
145 121
146 121
303 121
147 121
214 121
149 121
233 121
317 121
270 121
151 121
152 121
153 121
155 121
156 121
158 121
159 121
162 121
306 121
206 121
167 121
242 121
288 121
219 121
250 328
260 328
203 328
172 328
250 174
250 7
180 250
172 250
83 250
343 5
343 98
343 262
343 221
343 24
343 33
343 41
343 119
191 343
48 343
56 343
57 343
200 343
201 343
72 343
131 343
75 343
187 87
187 88
49 187
50 187
54 187
93 187
66 187
68 187
94 187
81 187
196 188
93 188
66 188
189 262
189 24
189 27
189 33
189 117
189 35
189 44
197 189
45 189
57 189
63 189
71 189
131 189
73 189
80 189
190 5
190 97
190 262
190 18
190 183
190 89
190 90
190 31
190 40
190 186
190 189
191 190
56 190
57 190
63 190
64 190
65 190
67 190
201 190
191 262
191 183
191 25
191 33
191 35
191 36
192 191
57 191
63 191
65 191
67 191
70 191
71 191
75 191
77 191
192 1
192 262
192 221
192 36
192 343
195 192
285 192
45 192
52 192
56 192
57 192
64 192
201 192
70 192
132 192
228 192
193 5
193 97
193 98
193 262
193 27
193 36
193 37
193 40
193 190
193 191
193 192
197 193
45 193
51 193
56 193
64 193
67 193
201 193
86 193
351 350
249 350
194 23
194 188
49 194
55 194
93 194
66 194
94 194
81 194
195 97
195 262
195 111
195 25
195 90
195 31
195 36
195 41
47 195
57 195
63 195
64 195
122 99
122 8
122 289
122 109
122 22
122 291
122 292
46 122
297 122
224 122
129 122
243 122
210 122
298 122
255 122
136 122
137 122
138 122
300 122
139 122
302 122
143 122
144 122
147 122
148 122
214 122
149 122
270 122
155 122
156 122
157 122
158 122
159 122
160 122
164 122
206 122
271 122
167 122
288 122
219 122
58 196
59 196
93 196
204 196
81 196
197 1
197 5
197 262
197 221
197 183
197 41
45 197
57 197
63 197
67 197
71 197
74 197
285 3
285 262
285 104
285 18
285 19
285 20
285 186
48 285
52 285
56 285
63 285
69 285
71 285
73 285
75 285
198 91
92 91
204 91
198 88
198 185
252 198
245 198
254 198
66 198
94 198
204 198
123 289
123 291
123 292
123 294
124 123
314 123
126 123
296 123
46 123
224 123
130 123
243 123
210 123
315 123
255 123
231 123
133 123
135 123
136 123
78 123
138 123
300 123
140 123
302 123
141 123
142 123
171 123
316 123
213 123
143 123
79 123
144 123
303 123
148 123
214 123
149 123
311 123
150 123
233 123
321 123
317 123
270 123
151 123
152 123
153 123
154 123
155 123
156 123
157 123
158 123
159 123
160 123
161 123
162 123
163 123
306 123
206 123
307 123
218 123
165 123
166 123
167 123
242 123
288 123
219 123
124 289
124 291
124 115
124 292
124 118
124 122
125 124
314 124
126 124
296 124
46 124
128 124
224 124
243 124
210 124
315 124
255 124
231 124
133 124
135 124
136 124
137 124
78 124
138 124
300 124
265 124
139 124
140 124
318 124
141 124
142 124
316 124
213 124
143 124
79 124
144 124
145 124
303 124
147 124
148 124
149 124
311 124
150 124
233 124
321 124
317 124
151 124
152 124
154 124
155 124
156 124
157 124
158 124
159 124
160 124
161 124
162 124
163 124
306 124
206 124
307 124
218 124
165 124
166 124
242 124
288 124
219 124
125 101
125 102
125 289
125 290
125 291
125 292
125 118
125 120
125 122
125 123
126 125
296 125
46 125
128 125
224 125
129 125
130 125
243 125
210 125
315 125
255 125
231 125
133 125
135 125
136 125
137 125
78 125
138 125
300 125
140 125
318 125
141 125
171 125
316 125
213 125
143 125
79 125
144 125
146 125
303 125
149 125
150 125
233 125
321 125
270 125
151 125
152 125
153 125
154 125
155 125
156 125
157 125
158 125
159 125
160 125
161 125
162 125
163 125
306 125
206 125
307 125
218 125
165 125
166 125
167 125
242 125
288 125
219 125
314 102
314 289
314 291
314 115
314 292
314 118
314 125
126 314
296 314
46 314
224 314
130 314
243 314
210 314
315 314
298 314
255 314
231 314
133 314
136 314
137 314
138 314
300 314
139 314
302 314
142 314
171 314
316 314
213 314
143 314
79 314
144 314
145 314
303 314
147 314
149 314
311 314
150 314
233 314
321 314
270 314
151 314
152 314
154 314
155 314
156 314
157 314
160 314
161 314
162 314
163 314
306 314
206 314
307 314
218 314
271 314
166 314
167 314
242 314
288 314
219 314
126 289
126 291
126 28
126 115
126 292
126 120
126 121
126 122
46 126
128 126
224 126
129 126
243 126
210 126
315 126
298 126
255 126
231 126
135 126
136 126
137 126
138 126
300 126
139 126
140 126
318 126
171 126
213 126
143 126
79 126
144 126
145 126
146 126
147 126
148 126
149 126
311 126
150 126
233 126
317 126
270 126
151 126
152 126
153 126
154 126
155 126
156 126
158 126
160 126
161 126
162 126
163 126
306 126
206 126
307 126
218 126
165 126
166 126
167 126
242 126
288 126
219 126
45 4
45 10
45 12
45 220
45 13
45 20
45 110
45 21
45 184
45 27
45 113
45 90
45 208
45 33
45 34
45 39
45 222
45 285
127 45
47 45
48 45
51 45
52 45
56 45
199 45
57 45
60 45
61 45
63 45
64 45
67 45
69 45
70 45
71 45
72 45
131 45
73 45
74 45
75 45
76 45
211 45
95 45
80 45
216 45
82 45
85 45
127 15
127 34
127 42
225 127
200 127
82 127
320 234
308 320
134 320
301 320
212 320
266 320
267 320
309 320
240 320
310 320
268 320
269 320
342 320
330 320
349 320
241 320
354 320
305 320
298 296
135 296
141 296
144 296
145 296
321 296
317 296
154 296
155 296
160 296
306 296
218 296
165 296
242 296
288 296
46 291
46 292
224 46
243 46
318 46
213 46
143 46
233 46
161 46
218 46
166 46
288 46
219 46
297 291
297 292
297 341
297 118
297 121
297 123
297 314
297 46
224 297
129 297
243 297
210 297
298 297
255 297
135 297
232 297
300 297
265 297
139 297
140 297
302 297
171 297
213 297
143 297
79 297
148 297
214 297
149 297
311 297
150 297
317 297
151 297
153 297
155 297
156 297
159 297
164 297
206 297
271 297
288 297
219 297
332 121
332 314
332 297
298 332
214 332
233 332
158 332
160 332
161 332
47 4
47 96
47 97
47 175
47 9
47 100
47 10
47 12
47 220
47 106
47 13
47 14
47 21
47 27
47 90
47 208
47 209
47 31
47 33
47 34
47 36
47 39
47 119
47 222
47 127
48 47
51 47
52 47
53 47
56 47
199 47
57 47
60 47
225 47
61 47
63 47
65 47
200 47
67 47
201 47
69 47
70 47
71 47
73 47
132 47
74 47
75 47
76 47
211 47
77 47
95 47
80 47
215 47
216 47
82 47
85 47
86 47
226 47
227 47
228 47
48 2
48 4
48 97
48 175
48 10
48 178
48 105
48 12
48 106
48 13
48 14
48 21
48 24
48 89
48 32
48 34
48 39
48 40
48 222
52 48
56 48
199 48
57 48
60 48
61 48
63 48
64 48
65 48
200 48
67 48
201 48
70 48
72 48
73 48
132 48
74 48
75 48
76 48
95 48
80 48
216 48
85 48
86 48
226 48
49 248
49 88
49 185
333 49
55 49
58 49
59 49
92 49
93 49
66 49
94 49
247 49
81 49
50 88
50 188
50 91
50 198
50 49
55 50
58 50
59 50
92 50
93 50
334 50
62 50
245 50
68 50
94 50
81 50
51 10
51 12
51 17
51 21
51 26
51 29
51 34
51 35
51 36
51 39
51 42
51 222
51 192
51 127
51 48
56 51
57 51
60 51
61 51
63 51
64 51
65 51
67 51
70 51
72 51
131 51
73 51
74 51
76 51
80 51
82 51
85 51
128 289
128 291
128 292
128 313
128 123
128 314
128 46
224 128
129 128
243 128
210 128
315 128
255 128
231 128
133 128
135 128
136 128
78 128
300 128
265 128
139 128
140 128
302 128
142 128
171 128
316 128
213 128
143 128
144 128
145 128
146 128
303 128
147 128
149 128
311 128
233 128
317 128
270 128
152 128
153 128
154 128
156 128
157 128
158 128
159 128
160 128
161 128
163 128
164 128
306 128
206 128
307 128
218 128
165 128
166 128
167 128
242 128
288 128
219 128
52 4
52 96
52 175
52 100
52 10
52 12
52 220
52 13
52 18
52 110
52 21
52 29
52 208
52 209
52 32
52 34
52 39
52 42
52 222
52 127
52 51
53 52
56 52
199 52
57 52
60 52
225 52
61 52
63 52
64 52
65 52
200 52
201 52
69 52
70 52
71 52
131 52
132 52
74 52
76 52
77 52
95 52
80 52
215 52
216 52
85 52
86 52
227 52
180 257
181 180
182 180
275 180
53 24
53 222
199 53
61 53
65 53
201 53
69 53
132 53
77 53
80 53
82 53
227 53
54 88
54 185
54 198
54 50
252 54
93 54
62 54
245 54
68 54
247 54
81 54
286 251
245 252
55 91
55 198
59 55
62 55
68 55
204 55
81 55
224 289
318 224
213 224
233 224
218 224
166 224
219 224
56 175
56 9
56 10
56 12
56 106
56 13
56 14
56 20
56 21
56 89
56 208
56 209
56 39
56 42
56 222
56 127
199 56
57 56
60 56
61 56
63 56
64 56
67 56
201 56
69 56
71 56
75 56
76 56
211 56
95 56
80 56
82 56
85 56
86 56
227 56
199 1
199 4
199 5
199 100
199 10
199 12
199 220
199 221
199 13
199 14
199 110
199 21
199 208
199 209
199 30
199 32
199 34
199 36
199 39
199 222
199 51
57 199
60 199
225 199
61 199
65 199
200 199
201 199
69 199
131 199
73 199
132 199
74 199
76 199
211 199
77 199
95 199
80 199
215 199
82 199
85 199
86 199
226 199
227 199
129 101
129 289
129 108
129 16
129 235
129 291
129 292
129 327
129 43
129 118
129 314
243 129
210 129
298 129
255 129
136 129
137 129
265 129
139 129
140 129
171 129
143 129
79 129
145 129
146 129
303 129
147 129
148 129
214 129
150 129
233 129
270 129
151 129
156 129
157 129
158 129
160 129
161 129
206 129
167 129
288 129
219 129
130 289
130 290
130 291
130 292
130 313
130 43
130 121
130 122
130 124
130 126
130 296
130 46
130 297
130 224
130 129
243 130
315 130
298 130
255 130
231 130
133 130
135 130
137 130
78 130
138 130
300 130
139 130
140 130
302 130
141 130
171 130
143 130
79 130
144 130
145 130
146 130
303 130
148 130
149 130
311 130
233 130
321 130
317 130
270 130
151 130
152 130
154 130
155 130
156 130
157 130
158 130
159 130
160 130
161 130
162 130
306 130
206 130
271 130
165 130
166 130
167 130
242 130
288 130
219 130
243 291
243 292
243 224
318 243
218 243
288 243
57 4
57 100
57 10
57 178
57 11
57 105
57 12
57 220
57 221
57 106
57 13
57 15
57 21
57 111
57 25
57 27
57 208
57 209
57 33
57 117
57 34
57 38
57 39
57 222
57 127
60 57
61 57
64 57
65 57
200 57
67 57
201 57
69 57
70 57
71 57
72 57
131 57
74 57
75 57
76 57
77 57
95 57
80 57
85 57
86 57
226 57
228 57
231 210
133 210
300 210
171 210
145 210
206 210
166 210
58 87
58 248
58 185
58 54
58 252
58 55
92 58
93 58
62 58
254 58
94 58
204 58
81 58
59 248
59 185
59 194
59 198
59 54
59 252
59 333
92 59
93 59
334 59
62 59
245 59
254 59
68 59
94 59
92 248
92 187
92 198
92 54
92 333
92 55
93 92
334 92
62 92
66 92
68 92
94 92
247 92
81 92
60 208
85 60
93 248
93 198
93 252
93 55
62 93
66 93
68 93
334 252
334 333
62 334
253 334
254 334
225 3
225 13
225 110
132 225
95 225
215 225
315 22
315 292
315 210
231 315
139 315
316 315
143 315
206 315
166 315
219 315
259 181
70 61
131 61
62 198
62 333
245 62
254 62
68 62
247 253
81 253
63 4
63 98
63 100
63 10
63 12
63 13
63 14
63 15
63 17
63 21
63 208
63 209
63 30
63 34
63 36
63 39
63 40
63 42
63 44
63 119
63 222
63 127
63 199
63 57
63 60
64 63
65 63
200 63
67 63
201 63
71 63
72 63
73 63
74 63
76 63
95 63
80 63
216 63
82 63
85 63
227 63
64 4
64 9
64 10
64 12
64 13
64 15
64 21
64 184
64 112
64 29
64 208
64 31
64 36
64 39
64 42
64 44
64 222
64 191
64 53
64 60
64 61
65 64
67 64
70 64
72 64
131 64
73 64
132 64
74 64
75 64
76 64
95 64
80 64
215 64
216 64
82 64
85 64
86 64
65 4
65 100
65 10
65 12
65 220
65 221
65 13
65 15
65 110
65 21
65 208
65 31
65 39
65 42
65 44
65 222
65 45
65 127
65 56
65 60
65 225
65 61
201 65
69 65
70 65
71 65
72 65
131 65
73 65
132 65
74 65
76 65
211 65
77 65
95 65
80 65
215 65
216 65
82 65
85 65
86 65
226 65
227 65
228 65
347 357
200 1
200 2
200 4
200 5
200 97
200 98
200 100
200 10
200 178
200 12
200 13
200 21
200 25
200 90
200 208
200 209
200 31
200 34
200 38
200 39
200 40
200 222
200 45
200 51
200 56
200 60
200 225
200 61
200 65
67 200
69 200
71 200
131 200
73 200
132 200
74 200
76 200
77 200
95 200
80 200
216 200
82 200
85 200
86 200
226 200
66 88
66 185
66 91
66 252
66 333
66 58
66 254
68 66
94 66
81 66
67 5
67 10
67 12
67 13
67 14
67 15
67 110
67 21
67 183
67 25
67 32
67 34
67 39
67 42
67 222
67 52
67 60
67 65
201 67
72 67
131 67
73 67
132 67
74 67
75 67
76 67
77 67
95 67
80 67
82 67
85 67
227 67
68 6
68 185
68 91
68 198
68 49
68 58
68 245
247 68
204 68
81 68
182 319
276 319
182 257
182 272
182 279
182 280
182 273
182 236
182 181
182 259
275 182
83 182
84 182
173 182
201 4
201 97
201 100
201 12
201 220
201 221
201 106
201 21
201 24
201 27
201 112
201 208
201 209
201 31
201 33
201 34
201 37
201 39
201 41
201 42
201 222
201 127
201 60
201 225
201 61
201 64
201 200
69 201
70 201
131 201
73 201
132 201
74 201
75 201
76 201
211 201
77 201
95 201
80 201
216 201
82 201
85 201
86 201
226 201
227 201
69 5
69 175
69 100
69 12
69 220
69 13
69 14
69 110
69 21
69 89
69 208
69 209
69 34
69 37
69 40
69 41
69 42
69 222
69 127
69 48
69 60
69 225
69 61
69 63
71 69
131 69
73 69
132 69
76 69
77 69
80 69
215 69
216 69
85 69
86 69
226 69
227 69
70 4
70 100
70 104
70 105
70 12
70 13
70 14
70 15
70 19
70 110
70 21
70 24
70 89
70 25
70 184
70 27
70 113
70 208
70 32
70 33
70 117
70 34
70 39
70 40
70 42
70 222
70 343
70 285
70 56
70 60
70 225
70 200
70 67
70 69
71 70
72 70
131 70
132 70
74 70
76 70
77 70
95 70
80 70
82 70
85 70
86 70
226 70
71 2
71 4
71 175
71 10
71 12
71 13
71 15
71 18
71 21
71 112
71 208
71 209
71 32
71 34
71 35
71 36
71 39
71 42
71 222
71 48
71 53
71 199
71 60
71 225
71 61
71 67
71 201
131 71
73 71
74 71
75 71
76 71
77 71
95 71
80 71
216 71
82 71
85 71
86 71
226 71
72 175
72 10
72 103
72 13
72 15
72 18
72 21
72 89
72 25
72 112
72 90
72 32
72 35
72 39
72 119
72 222
72 56
72 60
131 72
73 72
74 72
75 72
76 72
80 72
216 72
85 72
227 72
131 1
131 4
131 10
131 104
131 12
131 13
131 15
131 17
131 110
131 21
131 25
131 27
131 112
131 113
131 208
131 209
131 30
131 34
131 35
131 38
131 39
131 222
131 127
131 48
131 60
131 63
73 131
74 131
75 131
76 131
77 131
95 131
80 131
215 131
216 131
85 131
73 4
73 10
73 11
73 12
73 13
73 18
73 21
73 208
73 34
73 39
73 42
73 222
73 192
73 127
73 56
73 57
73 60
73 61
73 70
132 73
74 73
75 73
76 73
95 73
80 73
85 73
86 73
227 73
298 289
298 108
298 291
298 116
298 292
298 46
298 224
298 243
298 210
298 315
255 298
231 298
135 298
137 298
78 298
300 298
139 298
140 298
302 298
142 298
171 298
316 298
213 298
143 298
145 298
146 298
303 298
147 298
214 298
149 298
150 298
233 298
317 298
151 298
152 298
153 298
154 298
156 298
157 298
159 298
161 298
162 298
164 298
306 298
206 298
218 298
271 298
166 298
242 298
288 298
219 298
132 4
132 175
132 12
132 220
132 13
132 20
132 110
132 21
132 24
132 25
132 208
132 209
132 31
132 33
132 34
132 39
132 42
132 222
132 45
132 127
132 56
132 60
132 61
132 63
132 72
74 132
76 132
211 132
77 132
95 132
80 132
215 132
216 132
82 132
85 132
86 132
226 132
227 132
228 132
74 4
74 221
74 30
74 343
74 225
75 74
77 74
80 74
94 248
94 88
94 54
94 55
94 334
94 62
247 94
204 94
81 94
247 248
247 50
247 59
247 334
247 66
204 247
81 247
75 98
75 10
75 178
75 105
75 12
75 221
75 17
75 19
75 21
75 24
75 111
75 27
75 30
75 34
75 35
75 39
75 222
75 51
75 52
75 200
75 70
202 75
76 75
211 75
77 75
95 75
80 75
216 75
82 75
85 75
134 308
266 308
309 308
240 308
352 308
342 308
330 308
337 308
241 308
354 308
305 308
255 289
255 291
255 28
255 46
255 210
255 315
231 255
135 255
138 255
232 255
265 255
171 255
316 255
143 255
303 255
147 255
148 255
149 255
152 255
154 255
158 255
161 255
163 255
164 255
307 255
271 255
165 255
166 255
167 255
316 231
143 231
307 231
166 231
219 231
239 234
134 239
301 239
212 239
310 239
217 239
312 239
202 1
202 262
202 25
202 31
202 35
202 191
202 60
77 202
80 202
76 221
76 13
76 127
76 60
76 74
80 76
82 76
85 76
211 3
211 100
211 20
211 21
211 208
211 209
211 44
211 57
211 63
211 200
211 76
77 211
275 177
275 273
275 181
275 259
173 275
133 289
133 107
133 291
133 116
133 292
133 118
133 122
133 126
133 296
133 46
133 297
133 224
133 129
133 243
133 315
133 255
133 231
135 133
136 133
137 133
78 133
138 133
300 133
265 133
141 133
142 133
171 133
316 133
213 133
143 133
79 133
144 133
145 133
146 133
303 133
149 133
311 133
233 133
321 133
317 133
270 133
154 133
155 133
157 133
158 133
159 133
160 133
161 133
163 133
164 133
306 133
206 133
307 133
218 133
165 133
166 133
242 133
288 133
219 133
299 134
301 134
212 134
266 134
267 134
310 134
269 134
304 134
348 134
217 134
312 134
342 134
330 134
337 134
349 134
241 134
305 134
135 99
135 102
135 22
135 291
135 292
135 118
135 314
135 46
135 224
135 243
135 210
135 315
135 231
136 135
137 135
78 135
138 135
300 135
139 135
318 135
141 135
142 135
171 135
316 135
213 135
143 135
79 135
144 135
145 135
303 135
147 135
149 135
311 135
233 135
321 135
317 135
151 135
153 135
155 135
156 135
157 135
159 135
161 135
162 135
163 135
306 135
206 135
307 135
218 135
271 135
165 135
166 135
167 135
242 135
288 135
219 135
136 99
136 289
136 22
136 292
136 324
136 118
136 46
136 297
136 224
136 130
136 243
136 210
136 315
136 298
136 255
136 231
137 136
78 136
138 136
300 136
265 136
139 136
140 136
318 136
302 136
141 136
142 136
316 136
213 136
143 136
79 136
144 136
145 136
146 136
303 136
147 136
148 136
214 136
149 136
311 136
150 136
233 136
321 136
317 136
270 136
152 136
153 136
154 136
155 136
156 136
157 136
158 136
160 136
161 136
162 136
163 136
164 136
306 136
206 136
307 136
218 136
271 136
165 136
166 136
167 136
242 136
288 136
219 136
137 101
137 289
137 109
137 22
137 291
137 28
137 292
137 118
137 340
137 46
137 297
137 128
137 243
137 210
137 255
137 231
78 137
300 137
140 137
171 137
213 137
143 137
145 137
146 137
147 137
214 137
311 137
233 137
270 137
151 137
152 137
153 137
155 137
159 137
160 137
161 137
162 137
164 137
206 137
271 137
167 137
288 137
219 137
77 4
77 5
77 100
77 10
77 12
77 220
77 13
77 21
77 183
77 89
77 90
77 208
77 209
77 31
77 34
77 36
77 37
77 39
77 42
77 222
77 197
77 45
77 127
77 51
77 56
77 60
77 225
77 61
77 63
77 64
77 73
77 76
95 77
80 77
216 77
82 77
85 77
86 77
226 77
227 77
260 168
260 177
260 179
260 275
299 320
299 308
301 299
212 299
266 299
240 299
353 299
310 299
268 299
356 299
269 299
352 299
304 299
217 299
342 299
336 299
241 299
305 299
78 99
78 102
78 109
78 116
78 122
78 126
78 129
78 210
138 78
300 78
265 78
140 78
318 78
302 78
141 78
146 78
214 78
149 78
311 78
317 78
270 78
152 78
153 78
155 78
157 78
158 78
159 78
161 78
162 78
307 78
165 78
138 289
138 291
138 292
138 118
138 46
138 297
138 128
138 224
138 129
138 210
138 315
138 231
138 137
232 138
300 138
265 138
140 138
141 138
142 138
171 138
316 138
213 138
143 138
79 138
145 138
303 138
148 138
149 138
311 138
150 138
233 138
321 138
317 138
270 138
151 138
153 138
154 138
155 138
156 138
157 138
158 138
160 138
161 138
162 138
163 138
306 138
206 138
307 138
218 138
271 138
165 138
166 138
167 138
242 138
219 138
232 101
232 289
232 107
232 16
232 291
232 133
171 232
316 232
213 232
303 232
149 232
152 232
156 232
165 232
166 232
95 1
95 3
95 97
95 18
95 35
95 69
82 95
85 95
86 95
276 236
203 325
203 278
173 203
264 346
300 289
300 118
300 232
171 300
316 300
307 300
166 300
301 308
212 301
267 301
310 301
268 301
217 301
312 301
342 301
330 301
241 301
305 301
212 308
266 212
267 212
309 212
240 212
353 212
310 212
268 212
355 212
269 212
352 212
217 212
312 212
342 212
330 212
337 212
305 212
265 101
265 289
265 291
265 28
265 115
265 292
265 313
265 294
265 296
265 46
265 224
265 130
265 243
265 315
265 298
265 135
265 300
139 265
140 265
302 265
171 265
316 265
213 265
143 265
79 265
144 265
145 265
146 265
147 265
148 265
214 265
311 265
150 265
233 265
270 265
152 265
153 265
155 265
156 265
158 265
159 265
161 265
163 265
164 265
306 265
206 265
271 265
167 265
242 265
288 265
219 265
139 102
139 289
139 22
139 291
139 115
139 292
139 313
139 118
139 294
139 120
139 125
139 46
139 224
139 243
139 210
139 231
139 137
139 78
139 300
140 139
302 139
142 139
171 139
316 139
213 139
143 139
79 139
146 139
303 139
147 139
214 139
311 139
233 139
270 139
151 139
153 139
154 139
155 139
156 139
157 139
159 139
162 139
164 139
306 139
206 139
307 139
165 139
167 139
242 139
288 139
219 139
140 102
140 289
140 291
140 115
140 292
140 294
140 122
140 296
140 224
140 243
140 255
140 231
140 133
140 135
140 300
302 140
141 140
142 140
171 140
316 140
213 140
143 140
79 140
145 140
146 140
303 140
148 140
311 140
150 140
233 140
317 140
270 140
151 140
152 140
153 140
154 140
155 140
156 140
159 140
162 140
164 140
306 140
206 140
271 140
166 140
167 140
242 140
288 140
219 140
318 102
318 108
318 290
318 109
318 114
318 122
318 129
318 210
318 138
318 300
302 318
171 318
214 318
158 318
307 318
204 87
204 23
204 185
204 54
204 92
204 66
205 97
205 262
205 221
205 183
205 111
205 27
205 90
205 38
205 41
205 189
205 192
205 48
205 52
205 56
205 63
205 72
205 73
205 75
302 101
302 289
302 291
302 115
302 292
302 118
302 126
302 296
302 46
302 224
302 129
302 243
302 210
302 255
302 231
302 138
302 232
302 300
141 302
171 302
316 302
213 302
143 302
144 302
145 302
146 302
214 302
149 302
150 302
233 302
151 302
152 302
153 302
155 302
156 302
158 302
159 302
160 302
164 302
306 302
206 302
271 302
166 302
167 302
242 302
288 302
219 302
141 99
141 289
141 291
141 292
141 118
141 121
141 314
141 126
141 46
141 297
141 128
141 224
141 129
141 243
141 315
141 255
141 231
141 137
141 300
141 265
141 139
142 141
171 141
316 141
213 141
143 141
79 141
144 141
145 141
146 141
303 141
149 141
311 141
150 141
233 141
317 141
270 141
151 141
152 141
153 141
154 141
155 141
157 141
159 141
160 141
161 141
162 141
163 141
164 141
306 141
206 141
307 141
218 141
165 141
166 141
167 141
242 141
288 141
219 141
171 16
171 231
171 142
213 171
79 171
158 171
166 171
316 289
316 291
316 292
316 46
316 224
303 316
158 316
307 316
165 316
166 316
213 130
213 142
143 213
166 213
143 326
143 293
143 341
143 324
143 283
143 338
143 331
143 327
143 237
143 332
143 243
145 143
146 143
147 143
148 143
214 143
149 143
311 143
150 143
287 143
317 143
270 143
151 143
152 143
153 143
154 143
155 143
156 143
157 143
158 143
159 143
162 143
163 143
164 143
271 143
165 143
167 143
288 143
79 128
79 255
79 302
144 79
145 79
311 79
150 79
233 79
317 79
270 79
151 79
152 79
154 79
155 79
161 79
162 79
163 79
165 79
167 79
80 10
266 301
267 266
309 266
240 266
310 266
268 266
304 266
348 266
312 266
330 266
337 266
241 266
305 266
309 267
240 267
310 267
352 267
348 267
312 267
342 267
337 267
241 267
354 267
240 309
310 309
348 309
241 309
354 309
144 99
144 102
144 289
144 291
144 292
144 118
144 46
144 224
144 129
144 243
144 210
144 315
144 255
144 231
144 137
144 78
144 138
144 232
144 300
144 139
144 140
144 316
144 213
144 143
145 144
146 144
303 144
149 144
311 144
150 144
233 144
321 144
317 144
270 144
152 144
154 144
155 144
156 144
157 144
158 144
161 144
162 144
163 144
306 144
206 144
307 144
218 144
271 144
165 144
167 144
242 144
288 144
219 144
240 134
240 301
310 240
268 240
269 240
312 240
330 240
241 240
354 240
305 240
145 289
145 107
145 291
145 292
145 293
145 118
145 120
145 122
145 123
145 46
145 297
145 224
145 243
145 255
145 231
145 300
145 139
145 171
145 213
303 145
147 145
148 145
214 145
149 145
311 145
150 145
233 145
287 145
321 145
317 145
270 145
151 145
152 145
153 145
155 145
156 145
160 145
161 145
162 145
163 145
306 145
206 145
218 145
271 145
167 145
242 145
288 145
219 145
342 345
330 345
146 8
146 289
146 291
146 28
146 292
146 294
146 120
146 210
146 315
146 255
146 231
146 135
146 300
146 171
146 213
146 145
303 146
147 146
148 146
214 146
233 146
151 146
152 146
160 146
161 146
163 146
306 146
206 146
271 146
165 146
288 146
219 146
330 353
349 353
352 310
304 310
348 310
217 310
312 310
342 310
336 310
330 310
337 310
241 310
354 310
268 308
268 345
268 310
269 268
304 268
217 268
312 268
342 268
337 268
349 268
241 268
305 268
356 355
147 101
147 102
147 289
147 107
147 291
147 292
147 118
147 294
147 125
147 46
147 297
147 224
147 243
147 133
147 300
147 213
148 147
214 147
149 147
150 147
151 147
152 147
156 147
157 147
158 147
206 147
271 147
165 147
167 147
288 147
352 356
148 101
148 289
148 108
148 291
148 43
148 314
148 46
148 128
148 224
148 243
148 210
148 298
148 133
148 137
148 300
148 213
148 144
214 148
311 148
321 148
270 148
151 148
153 148
157 148
158 148
159 148
161 148
164 148
206 148
271 148
165 148
167 148
288 148
219 148
214 8
214 289
214 16
214 114
214 292
214 118
214 294
214 124
214 125
214 314
214 126
214 46
214 128
214 224
214 243
214 79
270 214
152 214
153 214
154 214
155 214
156 214
158 214
159 214
163 214
164 214
206 214
271 214
288 214
330 269
337 269
241 269
305 269
149 99
149 289
149 290
149 291
149 116
149 292
149 118
149 296
149 46
149 224
149 243
149 210
149 315
149 231
149 300
149 139
149 171
149 316
149 213
149 79
149 303
149 148
149 214
311 149
150 149
233 149
270 149
152 149
153 149
154 149
155 149
157 149
160 149
161 149
162 149
163 149
164 149
306 149
206 149
307 149
271 149
165 149
166 149
167 149
242 149
288 149
219 149
352 234
352 355
354 352
311 99
311 102
311 326
311 289
311 291
311 116
311 292
311 43
311 118
311 294
311 122
311 125
311 296
311 46
311 224
311 129
311 243
311 210
311 315
311 255
311 231
311 300
311 171
311 316
311 213
311 146
311 303
311 147
311 214
150 311
233 311
321 311
317 311
270 311
152 311
153 311
154 311
155 311
156 311
158 311
159 311
160 311
161 311
162 311
163 311
306 311
206 311
307 311
218 311
165 311
166 311
167 311
242 311
288 311
219 311
215 3
215 100
215 29
215 211
216 215
150 99
150 289
150 291
150 292
150 282
150 118
150 296
150 46
150 224
150 130
150 243
150 210
150 315
150 255
150 231
150 133
150 135
150 78
150 300
150 139
150 318
150 142
150 171
150 316
150 213
150 303
233 150
321 150
317 150
270 150
153 150
154 150
155 150
156 150
158 150
159 150
162 150
163 150
306 150
206 150
307 150
218 150
271 150
165 150
166 150
167 150
242 150
288 150
219 150
304 309
304 240
304 345
304 269
312 304
342 304
330 304
337 304
349 304
305 304
242 233
288 233
216 98
216 31
216 36
216 40
216 41
216 119
216 199
216 57
216 60
216 70
86 216
287 290
287 116
287 121
287 122
287 126
287 265
287 302
287 214
287 149
287 150
151 287
271 287
321 126
321 243
321 298
321 140
321 141
321 149
321 233
317 321
270 321
152 321
154 321
155 321
157 321
161 321
162 321
163 321
306 321
218 321
242 321
288 321
348 345
348 269
217 348
337 348
317 99
317 289
317 291
317 292
317 43
317 122
317 314
317 46
317 224
317 243
317 210
317 315
317 255
317 231
317 137
317 232
317 300
317 265
317 139
317 302
317 142
317 171
317 316
317 213
317 146
317 303
317 149
317 233
270 317
151 317
152 317
153 317
154 317
155 317
156 317
157 317
160 317
161 317
162 317
163 317
164 317
306 317
206 317
307 317
218 317
271 317
165 317
167 317
242 317
288 317
219 317
270 326
270 289
270 290
270 291
270 292
270 118
270 294
270 120
270 296
270 46
270 297
270 224
270 243
270 210
270 315
270 298
270 255
270 231
270 135
270 300
270 142
270 171
270 213
270 146
270 233
154 270
155 270
156 270
161 270
306 270
206 270
307 270
165 270
166 270
167 270
242 270
288 270
219 270
151 99
151 326
151 289
151 107
151 108
151 291
151 116
151 292
151 118
151 122
151 46
151 224
151 243
151 210
151 315
151 255
151 231
151 136
151 300
151 142
151 171
151 316
151 213
151 303
151 149
151 150
151 233
152 151
153 151
154 151
155 151
156 151
159 151
161 151
162 151
164 151
306 151
206 151
271 151
167 151
242 151
288 151
219 151
217 320
217 266
217 309
217 240
217 304
312 217
330 217
337 217
241 217
305 217
152 289
152 291
152 292
152 282
152 118
152 340
152 122
152 46
152 297
152 224
152 210
152 315
152 231
152 133
152 135
152 300
152 213
152 303
152 233
152 270
153 152
154 152
155 152
156 152
157 152
158 152
159 152
160 152
161 152
162 152
163 152
164 152
306 152
206 152
307 152
218 152
271 152
165 152
166 152
167 152
242 152
288 152
219 152
361 364
312 269
312 348
342 312
349 312
342 309
330 342
336 353
336 342
330 268
330 355
330 356
330 336
349 330
354 330
337 320
337 240
337 312
337 342
337 330
349 337
305 337
335 363
349 269
354 349
172 177
172 273
172 236
172 278
172 179
172 181
172 260
172 276
83 172
84 172
173 172
81 6
81 248
81 23
81 185
81 91
81 198
81 252
81 59
81 62
81 245
81 204
153 289
153 290
153 16
153 291
153 292
153 118
153 124
153 314
153 46
153 224
153 129
153 130
153 243
153 210
153 315
153 255
153 231
153 300
153 171
153 316
153 213
153 144
153 233
153 270
154 153
155 153
157 153
158 153
159 153
161 153
162 153
306 153
206 153
307 153
271 153
166 153
167 153
242 153
288 153
219 153
154 326
154 289
154 291
154 114
154 292
154 283
154 118
154 46
154 224
154 243
154 210
154 315
154 231
154 135
154 78
154 300
154 265
154 302
154 142
154 171
154 316
154 213
154 145
154 147
154 233
155 154
157 154
158 154
160 154
161 154
162 154
163 154
306 154
206 154
307 154
218 154
271 154
165 154
166 154
167 154
242 154
288 154
219 154
155 101
155 289
155 291
155 115
155 292
155 118
155 294
155 46
155 128
155 224
155 243
155 210
155 315
155 255
155 231
155 232
155 300
155 171
155 316
155 213
155 303
155 147
155 148
155 233
156 155
157 155
158 155
159 155
160 155
161 155
162 155
163 155
164 155
306 155
206 155
218 155
271 155
166 155
167 155
242 155
288 155
219 155
241 212
241 304
241 342
241 337
354 355
354 356
354 342
354 241
156 289
156 107
156 291
156 292
156 313
156 118
156 120
156 46
156 224
156 243
156 210
156 315
156 255
156 231
156 133
156 137
156 78
156 300
156 142
156 171
156 213
156 79
156 148
156 149
156 233
157 156
158 156
159 156
160 156
163 156
206 156
307 156
165 156
166 156
167 156
288 156
219 156
157 289
157 290
157 291
157 115
157 116
157 292
157 118
157 126
157 296
157 46
157 224
157 243
157 210
157 315
157 255
157 231
157 232
157 300
157 265
157 140
157 142
157 171
157 316
157 213
157 303
157 311
157 150
157 233
157 151
158 157
160 157
161 157
162 157
163 157
306 157
206 157
307 157
218 157
165 157
166 157
167 157
242 157
288 157
219 157
158 289
158 290
158 291
158 115
158 116
158 292
158 118
158 314
158 46
158 224
158 243
158 210
158 315
158 137
158 300
158 139
158 213
158 146
158 149
158 233
158 270
159 158
160 158
161 158
163 158
206 158
307 158
166 158
288 158
219 158
159 101
159 289
159 290
159 291
159 292
159 120
159 46
159 243
159 210
159 315
159 255
159 300
159 142
159 145
159 147
159 233
159 270
159 154
160 159
161 159
163 159
306 159
307 159
218 159
271 159
165 159
167 159
242 159
288 159
219 159
160 101
160 289
160 291
160 292
160 338
160 118
160 294
160 46
160 224
160 315
160 255
160 231
160 135
160 78
160 300
160 265
160 142
160 171
160 316
160 213
160 143
160 144
160 303
160 147
160 150
160 233
160 321
160 151
160 153
161 160
162 160
163 160
306 160
206 160
218 160
165 160
166 160
167 160
242 160
288 160
219 160
161 99
161 289
161 291
161 292
161 118
161 121
161 296
161 224
161 243
161 210
161 315
161 231
161 300
161 139
161 140
161 318
161 302
161 142
161 171
161 316
161 213
161 143
161 303
161 233
162 161
163 161
164 161
306 161
206 161
307 161
218 161
165 161
166 161
242 161
288 161
219 161
162 289
162 291
162 292
162 331
162 118
162 296
162 46
162 297
162 128
162 224
162 129
162 210
162 315
162 255
162 231
162 133
162 300
162 302
162 142
162 171
162 213
162 146
162 303
162 147
162 233
162 270
162 159
163 162
164 162
306 162
206 162
307 162
218 162
271 162
165 162
166 162
242 162
288 162
219 162
163 99
163 289
163 290
163 291
163 292
163 313
163 283
163 43
163 118
163 294
163 120
163 121
163 296
163 46
163 297
163 224
163 130
163 243
163 210
163 315
163 298
163 231
163 137
163 78
163 232
163 300
163 139
163 140
163 302
163 142
163 171
163 316
163 213
163 303
163 148
163 233
163 151
163 153
306 163
206 163
307 163
218 163
271 163
165 163
166 163
167 163
242 163
288 163
219 163
164 289
164 291
164 292
164 294
164 121
164 126
164 46
164 224
164 129
164 130
164 243
164 210
164 315
164 78
164 300
164 171
164 213
164 145
164 146
164 150
164 270
164 153
164 154
306 164
206 164
271 164
165 164
167 164
242 164
288 164
305 267
305 309
305 353
305 312
82 4
82 10
82 12
82 220
82 13
82 14
82 110
82 208
82 209
82 117
82 34
82 35
82 36
82 37
82 39
82 40
82 42
82 222
82 48
82 60
82 225
82 61
82 69
82 74
82 215
82 216
85 82
86 82
226 82
306 233
242 306
83 174
83 325
83 273
83 179
83 181
83 260
83 203
84 83
84 174
84 325
84 273
84 278
84 181
84 275
84 276
84 203
173 84
206 22
206 231
206 300
206 318
206 213
165 206
166 206
85 3
85 4
85 221
85 225
85 216
228 85
86 4
86 98
86 100
86 10
86 12
86 220
86 221
86 13
86 18
86 110
86 21
86 25
86 90
86 208
86 209
86 34
86 37
86 39
86 42
86 222
86 190
86 45
86 127
86 51
86 53
86 60
86 225
86 61
86 72
86 131
86 74
86 75
86 76
86 80
86 85
226 86
227 86
307 210
307 171
166 307
218 255
218 318
242 218
271 102
271 289
271 109
271 291
271 292
271 282
271 121
271 126
271 46
271 224
271 243
271 210
271 300
271 139
271 171
271 316
271 303
271 233
271 158
271 306
271 206
166 271
288 271
219 271
165 99
165 289
165 291
165 121
165 314
165 46
165 224
165 243
165 210
165 315
165 231
165 300
165 140
165 318
165 142
165 171
165 213
165 303
165 233
165 321
165 153
165 155
165 158
165 306
165 307
165 218
165 271
166 165
242 165
288 165
219 165
226 100
226 127
166 142
219 166
207 169
207 257
207 279
207 280
207 325
207 278
207 275
207 203
207 84
167 102
167 289
167 291
167 292
167 313
167 118
167 124
167 296
167 46
167 297
167 224
167 243
167 210
167 315
167 231
167 300
167 318
167 142
167 213
167 146
167 214
167 233
167 321
167 158
167 306
167 206
167 218
167 165
167 166
242 167
288 167
219 167
227 112
227 33
227 222
227 61
227 80
288 8
288 292
288 224
288 318
288 218
173 177
173 273
173 179
173 181
173 259
173 319
173 260
173 276
173 83
228 3
228 104
228 202
219 8
219 283
219 118
219 294
219 213
219 79
219 303
219 233
219 206
