3 1
5 1
6 1
18 1
23 1
25 1
27 1
31 1
33 1
35 1
36 1
37 1
41 1
42 1
45 1
48 1
49 1
50 1
51 1
56 1
57 1
58 1
59 1
63 1
64 1
66 1
67 1
70 1
71 1
72 1
73 1
74 1
75 1
80 1
81 1
87 1
3 87
5 87
6 87
18 87
23 87
90 87
31 87
35 87
48 87
49 87
50 87
51 87
56 87
57 87
59 87
92 87
93 87
63 87
64 87
66 87
94 87
75 87
80 87
81 87
110 2
43 2
118 2
142 2
180 174
5 3
97 3
6 3
98 3
18 3
183 3
23 3
25 3
27 3
90 3
31 3
33 3
35 3
36 3
37 3
41 3
186 3
187 3
189 3
190 3
191 3
195 3
45 3
48 3
49 3
50 3
51 3
56 3
57 3
58 3
59 3
92 3
93 3
63 3
64 3
66 3
67 3
70 3
71 3
72 3
131 3
73 3
74 3
94 3
75 3
80 3
81 3
17 4
209 4
100 96
10 96
103 96
104 96
11 96
105 96
12 96
220 96
106 96
13 96
19 96
20 96
24 96
111 96
89 96
184 96
26 96
112 96
113 96
28 96
208 96
32 96
117 96
38 96
39 96
40 96
44 96
119 96
222 96
127 96
199 96
60 96
61 96
65 96
200 96
201 96
69 96
132 96
77 96
95 96
216 96
82 96
85 96
86 96
226 96
227 96
97 5
6 5
98 5
18 5
23 5
25 5
27 5
31 5
33 5
41 5
42 5
45 5
48 5
49 5
50 5
51 5
56 5
57 5
58 5
59 5
92 5
93 5
63 5
64 5
66 5
70 5
72 5
73 5
74 5
94 5
75 5
80 5
81 5
230 229
173 169
97 1
97 87
6 97
98 97
23 97
25 97
27 97
31 97
33 97
36 97
37 97
42 97
45 97
50 97
51 97
56 97
57 97
58 97
59 97
93 97
63 97
64 97
66 97
67 97
70 97
72 97
131 97
73 97
74 97
94 97
75 97
80 97
18 6
23 6
90 6
31 6
33 6
36 6
41 6
42 6
49 6
50 6
56 6
58 6
92 6
93 6
63 6
66 6
67 6
72 6
94 6
80 6
249 244
98 1
90 98
31 98
33 98
36 98
37 98
42 98
45 98
48 98
51 98
57 98
58 98
93 98
64 98
67 98
70 98
71 98
72 98
131 98
73 98
74 98
80 98
253 248
254 248
246 248
178 175
256 244
249 256
258 257
179 257
181 257
259 257
264 261
275 272
177 277
278 277
260 277
83 277
84 277
207 7
234 99
115 99
116 99
294 99
297 99
128 99
129 99
130 99
243 99
298 99
134 99
137 99
299 99
301 99
212 99
265 99
139 99
302 99
143 99
266 99
240 99
146 99
147 99
148 99
214 99
270 99
217 99
152 99
241 99
156 99
158 99
159 99
305 99
167 99
288 99
115 234
294 234
122 234
297 234
129 234
243 234
298 234
308 234
137 234
299 234
301 234
212 234
265 234
139 234
143 234
266 234
240 234
268 234
147 234
214 234
150 234
217 234
241 234
156 234
159 234
305 234
288 234
225 8
303 8
215 8
221 9
318 9
182 176
104 100
111 100
208 100
132 100
82 100
280 279
273 279
276 279
102 101
107 101
108 101
290 101
109 101
22 101
114 101
292 101
313 101
120 101
123 101
124 101
46 101
224 101
315 101
231 101
133 101
135 101
136 101
78 101
138 101
300 101
141 101
79 101
144 101
149 101
233 101
321 101
317 101
154 101
157 101
161 101
162 101
163 101
306 101
307 101
165 101
166 101
242 101
219 101
107 102
108 102
290 102
109 102
22 102
114 102
292 102
313 102
120 102
123 102
124 102
296 102
46 102
224 102
315 102
231 102
133 102
136 102
138 102
300 102
141 102
79 102
149 102
233 102
317 102
154 102
155 102
157 102
161 102
162 102
163 102
306 102
218 102
165 102
166 102
242 102
219 102
83 177
84 177
273 280
276 280
10 100
12 10
220 10
106 10
13 10
117 10
119 10
201 10
69 10
132 10
85 10
103 100
103 10
104 103
11 103
105 103
12 103
220 103
106 103
13 103
19 103
20 103
24 103
111 103
89 103
184 103
26 103
112 103
113 103
28 103
208 103
32 103
117 103
38 103
39 103
40 103
44 103
119 103
222 103
127 103
47 103
52 103
53 103
199 103
60 103
61 103
65 103
200 103
201 103
69 103
132 103
77 103
95 103
216 103
82 103
85 103
86 103
226 103
227 103
104 10
105 104
12 104
220 104
106 104
13 104
19 104
20 104
24 104
111 104
89 104
184 104
26 104
112 104
113 104
208 104
117 104
38 104
39 104
44 104
119 104
222 104
127 104
47 104
52 104
53 104
199 104
60 104
61 104
65 104
200 104
201 104
69 104
132 104
77 104
95 104
216 104
82 104
85 104
86 104
226 104
227 104
11 100
11 10
105 11
12 11
220 11
106 11
13 11
19 11
20 11
24 11
111 11
89 11
184 11
26 11
112 11
113 11
28 11
208 11
32 11
117 11
39 11
40 11
44 11
119 11
222 11
127 11
47 11
52 11
53 11
199 11
60 11
61 11
65 11
200 11
201 11
69 11
132 11
77 11
95 11
216 11
82 11
85 11
86 11
226 11
227 11
105 100
105 10
12 105
220 105
106 105
13 105
19 105
20 105
111 105
184 105
26 105
112 105
113 105
28 105
208 105
32 105
117 105
38 105
39 105
40 105
44 105
119 105
222 105
127 105
47 105
52 105
53 105
199 105
60 105
61 105
65 105
200 105
201 105
69 105
132 105
77 105
95 105
216 105
82 105
85 105
86 105
226 105
227 105
12 100
220 12
106 12
13 12
19 12
85 12
40 220
53 220
61 220
227 220
106 100
13 106
19 106
20 106
24 106
111 106
89 106
184 106
26 106
112 106
113 106
28 106
208 106
32 106
117 106
38 106
39 106
40 106
44 106
119 106
222 106
127 106
52 106
53 106
199 106
60 106
61 106
65 106
200 106
69 106
132 106
77 106
95 106
216 106
82 106
85 106
86 106
226 106
60 13
201 13
85 13
326 234
116 326
283 326
327 326
121 326
126 326
320 326
130 326
298 326
134 326
265 326
140 326
302 326
148 326
150 326
217 326
153 326
241 326
156 326
271 326
167 326
15 14
21 14
76 14
211 14
21 15
76 15
211 15
172 322
328 325
291 289
108 107
290 107
109 107
22 107
114 107
292 107
313 107
120 107
123 107
124 107
125 107
296 107
46 107
224 107
315 107
231 107
135 107
136 107
78 107
138 107
300 107
141 107
79 107
149 107
233 107
321 107
317 107
154 107
155 107
157 107
161 107
162 107
163 107
306 107
307 107
218 107
165 107
166 107
242 107
219 107
290 108
109 108
22 108
114 108
292 108
313 108
120 108
123 108
124 108
125 108
296 108
46 108
224 108
315 108
231 108
133 108
135 108
136 108
78 108
138 108
300 108
141 108
79 108
144 108
149 108
233 108
321 108
317 108
154 108
155 108
157 108
161 108
162 108
163 108
306 108
307 108
218 108
165 108
166 108
242 108
219 108
109 290
22 290
114 290
292 290
313 290
120 290
123 290
124 290
46 290
224 290
315 290
231 290
133 290
135 290
136 290
78 290
138 290
300 290
141 290
79 290
144 290
233 290
317 290
154 290
155 290
161 290
162 290
306 290
307 290
218 290
165 290
166 290
242 290
219 290
213 16
18 97
18 98
25 18
27 18
90 18
31 18
33 18
36 18
37 18
41 18
42 18
195 18
45 18
48 18
51 18
56 18
57 18
58 18
59 18
93 18
63 18
64 18
66 18
67 18
131 18
74 18
94 18
75 18
80 18
81 18
19 100
19 10
19 13
20 19
24 19
111 19
89 19
184 19
26 19
112 19
113 19
28 19
208 19
32 19
117 19
38 19
39 19
40 19
44 19
119 19
222 19
127 19
47 19
52 19
199 19
60 19
61 19
65 19
200 19
201 19
69 19
132 19
77 19
95 19
216 19
82 19
85 19
86 19
226 19
20 100
20 10
20 12
20 220
20 13
24 20
111 20
89 20
184 20
26 20
112 20
113 20
28 20
208 20
32 20
117 20
38 20
39 20
40 20
44 20
119 20
222 20
127 20
47 20
52 20
53 20
199 20
60 20
61 20
65 20
200 20
201 20
69 20
77 20
95 20
216 20
82 20
85 20
86 20
226 20
227 20
22 109
114 109
292 109
313 109
120 109
123 109
124 109
125 109
296 109
46 109
224 109
315 109
231 109
133 109
135 109
136 109
138 109
300 109
141 109
79 109
144 109
149 109
233 109
321 109
317 109
154 109
155 109
157 109
161 109
162 109
163 109
306 109
307 109
218 109
165 109
166 109
242 109
219 109
142 110
76 21
179 258
181 258
259 258
276 273
183 1
183 87
23 183
31 183
35 183
45 183
48 183
49 183
51 183
92 183
63 183
73 183
80 183
81 183
114 22
313 22
120 22
123 22
124 22
125 22
46 22
224 22
133 22
138 22
141 22
144 22
149 22
317 22
154 22
155 22
157 22
161 22
162 22
163 22
165 22
219 22
185 88
55 88
62 88
68 88
31 23
33 23
37 23
42 23
48 23
49 23
50 23
51 23
58 23
59 23
92 23
93 23
63 23
66 23
67 23
72 23
94 23
80 23
319 236
24 100
24 10
24 12
24 220
24 13
111 24
89 24
184 24
26 24
112 24
113 24
28 24
208 24
32 24
117 24
38 24
39 24
40 24
44 24
119 24
222 24
47 24
52 24
199 24
60 24
61 24
65 24
200 24
69 24
77 24
95 24
216 24
82 24
85 24
86 24
226 24
227 24
111 10
111 12
111 220
111 13
89 111
26 111
112 111
113 111
28 111
208 111
32 111
117 111
38 111
39 111
40 111
44 111
119 111
222 111
127 111
47 111
52 111
53 111
199 111
60 111
61 111
65 111
200 111
201 111
69 111
132 111
77 111
95 111
216 111
82 111
85 111
86 111
226 111
227 111
89 100
89 10
89 105
89 12
89 13
184 89
26 89
112 89
113 89
28 89
208 89
32 89
117 89
38 89
39 89
40 89
44 89
119 89
222 89
127 89
47 89
52 89
53 89
199 89
60 89
61 89
65 89
200 89
201 89
132 89
95 89
216 89
82 89
85 89
86 89
226 89
25 87
25 23
27 25
90 25
31 25
33 25
35 25
37 25
41 25
42 25
45 25
48 25
49 25
50 25
56 25
58 25
59 25
92 25
63 25
64 25
71 25
73 25
74 25
94 25
75 25
80 25
81 25
184 100
184 10
184 12
184 220
184 13
26 184
112 184
28 184
208 184
32 184
117 184
38 184
39 184
40 184
44 184
119 184
222 184
127 184
47 184
52 184
53 184
199 184
60 184
61 184
65 184
200 184
201 184
69 184
77 184
95 184
216 184
82 184
85 184
86 184
226 184
227 184
26 100
26 10
26 12
26 220
26 13
112 26
113 26
28 26
208 26
32 26
117 26
38 26
39 26
44 26
119 26
222 26
47 26
52 26
53 26
199 26
60 26
61 26
65 26
200 26
201 26
69 26
132 26
77 26
95 26
216 26
82 26
85 26
86 26
226 26
227 26
27 98
27 23
33 27
35 27
36 27
41 27
42 27
190 27
191 27
48 27
49 27
50 27
51 27
56 27
58 27
59 27
93 27
63 27
64 27
66 27
67 27
71 27
72 27
73 27
74 27
80 27
81 27
112 100
112 10
112 12
112 220
112 13
113 112
28 112
208 112
32 112
117 112
38 112
39 112
44 112
119 112
222 112
127 112
47 112
52 112
53 112
199 112
60 112
61 112
65 112
200 112
69 112
132 112
77 112
95 112
216 112
82 112
85 112
86 112
226 112
113 100
113 10
113 12
113 220
113 13
113 184
28 113
208 113
32 113
117 113
38 113
39 113
40 113
44 113
119 113
222 113
127 113
47 113
52 113
53 113
199 113
60 113
61 113
65 113
200 113
201 113
69 113
132 113
77 113
95 113
216 113
82 113
85 113
86 113
226 113
227 113
90 1
90 97
90 27
31 90
33 90
35 90
36 90
37 90
41 90
42 90
48 90
50 90
51 90
56 90
57 90
92 90
93 90
63 90
66 90
67 90
70 90
71 90
131 90
73 90
74 90
94 90
75 90
80 90
81 90
292 114
313 114
120 114
123 114
124 114
125 114
296 114
46 114
224 114
315 114
231 114
133 114
135 114
136 114
78 114
138 114
300 114
141 114
79 114
144 114
149 114
233 114
321 114
317 114
155 114
157 114
161 114
162 114
163 114
306 114
307 114
218 114
165 114
166 114
242 114
219 114
28 104
28 13
208 28
117 28
38 28
40 28
44 28
119 28
47 28
52 28
199 28
65 28
200 28
201 28
69 28
132 28
77 28
86 28
30 29
34 29
206 29
85 208
116 115
294 115
122 115
297 115
129 115
130 115
243 115
298 115
134 115
137 115
301 115
212 115
143 115
266 115
240 115
146 115
147 115
148 115
214 115
270 115
151 115
152 115
153 115
241 115
156 115
159 115
164 115
305 115
271 115
167 115
288 115
209 17
116 234
324 116
294 116
121 116
314 116
126 116
297 116
128 116
129 116
130 116
243 116
308 116
134 116
137 116
299 116
301 116
212 116
265 116
139 116
140 116
302 116
143 116
266 116
240 116
146 116
268 116
150 116
270 116
152 116
153 116
241 116
156 116
159 116
164 116
305 116
271 116
167 116
288 116
278 177
260 278
83 278
224 292
233 292
165 292
219 292
34 30
206 30
281 99
281 115
282 281
338 281
121 281
314 281
301 281
212 281
265 281
139 281
143 281
240 281
146 281
147 281
214 281
270 281
151 281
217 281
152 281
156 281
159 281
130 282
298 282
299 282
140 282
143 282
266 282
270 282
217 282
241 282
158 282
159 282
313 292
120 313
123 313
124 313
296 313
46 313
224 313
315 313
231 313
133 313
135 313
136 313
78 313
138 313
300 313
141 313
79 313
144 313
149 313
233 313
321 313
317 313
154 313
155 313
157 313
161 313
162 313
306 313
307 313
218 313
165 313
166 313
242 313
219 313
33 31
35 31
36 31
37 31
41 31
343 31
45 31
48 31
50 31
51 31
56 31
57 31
58 31
59 31
93 31
63 31
67 31
70 31
71 31
72 31
131 31
73 31
74 31
94 31
75 31
80 31
81 31
344 293
339 293
311 341
32 28
38 32
39 32
40 32
44 32
119 32
127 32
47 32
65 32
200 32
201 32
69 32
132 32
77 32
82 32
86 32
226 32
35 33
36 33
37 33
41 33
42 33
48 33
49 33
51 33
58 33
92 33
63 33
64 33
66 33
67 33
72 33
131 33
73 33
74 33
75 33
80 33
117 100
117 12
117 220
117 13
117 208
117 32
38 117
39 117
40 117
44 117
119 117
222 117
127 117
47 117
52 117
53 117
199 117
60 117
61 117
65 117
200 117
201 117
69 117
132 117
77 117
95 117
216 117
85 117
86 117
226 117
227 117
206 34
35 5
35 98
35 23
37 35
41 35
42 35
45 35
48 35
49 35
57 35
93 35
64 35
66 35
67 35
70 35
73 35
74 35
80 35
36 87
36 5
36 25
36 35
37 36
41 36
42 36
186 36
45 36
48 36
49 36
50 36
56 36
58 36
92 36
67 36
70 36
72 36
131 36
73 36
74 36
94 36
75 36
80 36
81 36
37 5
37 6
37 27
41 37
42 37
45 37
48 37
50 37
51 37
93 37
63 37
64 37
67 37
70 37
71 37
72 37
131 37
73 37
74 37
75 37
80 37
38 100
38 10
38 11
38 12
38 13
38 208
39 38
40 38
44 38
119 38
222 38
127 38
52 38
53 38
199 38
60 38
61 38
65 38
201 38
69 38
132 38
77 38
95 38
216 38
82 38
85 38
86 38
227 38
39 100
127 39
69 39
226 39
121 324
297 324
128 324
134 324
137 324
301 324
139 324
214 324
150 324
153 324
159 324
305 324
283 99
283 234
283 115
327 283
122 283
314 283
297 283
134 283
137 283
301 283
265 283
139 283
266 283
147 283
214 283
150 283
151 283
241 283
156 283
338 115
338 116
314 338
129 338
301 338
140 338
266 338
146 338
268 338
147 338
148 338
214 338
153 338
158 338
159 338
271 338
331 326
331 338
314 331
126 331
320 331
130 331
308 331
134 331
137 331
301 331
212 331
140 331
266 331
147 331
148 331
270 331
151 331
153 331
159 331
167 331
327 234
122 327
320 327
298 327
134 327
299 327
140 327
302 327
266 327
148 327
151 327
153 327
241 327
158 327
271 327
288 327
145 284
237 235
40 100
40 13
40 26
40 112
40 208
40 39
119 40
222 40
127 40
47 40
52 40
53 40
199 40
60 40
61 40
65 40
201 40
132 40
77 40
86 40
226 40
227 40
339 344
41 87
41 97
41 98
42 41
45 41
48 41
50 41
51 41
56 41
57 41
93 41
63 41
67 41
70 41
72 41
131 41
73 41
74 41
94 41
75 41
80 41
81 41
42 3
45 42
48 42
50 42
57 42
92 42
93 42
72 42
131 42
75 42
43 110
118 43
142 43
142 118
263 170
181 179
259 179
121 294
122 294
314 294
126 294
297 294
128 294
129 294
130 294
298 294
137 294
301 294
302 294
148 294
150 294
151 294
152 294
153 294
241 294
156 294
158 294
159 294
305 294
271 294
167 294
287 295
91 185
55 185
62 185
44 100
44 10
44 12
44 220
44 13
44 208
44 39
44 40
119 44
222 44
127 44
47 44
53 44
199 44
60 44
61 44
200 44
201 44
69 44
132 44
77 44
95 44
216 44
82 44
85 44
86 44
226 44
227 44
119 100
119 12
119 220
119 13
119 208
119 39
222 119
127 119
52 119
53 119
199 119
60 119
61 119
65 119
200 119
201 119
69 119
132 119
77 119
95 119
82 119
85 119
86 119
226 119
227 119
60 222
61 222
123 120
124 120
296 120
46 120
224 120
315 120
231 120
133 120
135 120
136 120
78 120
138 120
300 120
141 120
79 120
144 120
149 120
233 120
321 120
317 120
154 120
155 120
157 120
161 120
162 120
306 120
307 120
218 120
165 120
166 120
242 120
219 120
186 25
186 27
186 90
186 37
57 186
64 186
70 186
71 186
72 186
131 186
94 186
81 186
121 234
121 115
314 121
128 121
129 121
243 121
298 121
137 121
299 121
212 121
265 121
139 121
140 121
302 121
143 121
266 121
146 121
147 121
214 121
270 121
151 121
217 121
152 121
153 121
241 121
156 121
158 121
159 121
305 121
167 121
288 121
197 328
203 328
172 250
343 5
343 98
343 23
343 33
343 41
187 343
191 343
48 343
49 343
56 343
57 343
92 343
93 343
66 343
72 343
131 343
94 343
75 343
187 1
187 87
187 5
187 97
187 18
187 25
187 27
187 37
48 187
49 187
50 187
51 187
93 187
66 187
72 187
73 187
94 187
75 187
81 187
189 87
189 27
189 33
189 35
45 189
49 189
50 189
57 189
59 189
93 189
63 189
71 189
131 189
73 189
80 189
190 87
190 5
190 97
190 18
190 183
190 90
190 31
190 186
190 189
191 190
50 190
56 190
57 190
59 190
92 190
63 190
64 190
67 190
94 190
81 190
191 87
191 183
191 25
191 33
191 35
191 36
57 191
59 191
92 191
63 191
67 191
70 191
71 191
94 191
75 191
192 262
285 192
197 193
351 350
194 188
195 97
195 23
195 25
195 90
195 31
195 36
195 41
49 195
57 195
58 195
63 195
64 195
94 195
122 99
297 122
129 122
243 122
298 122
308 122
137 122
299 122
212 122
139 122
302 122
143 122
240 122
147 122
148 122
214 122
270 122
217 122
241 122
156 122
158 122
159 122
164 122
305 122
271 122
167 122
288 122
204 196
203 197
285 262
198 91
198 88
198 185
123 292
124 123
296 123
46 123
224 123
315 123
231 123
133 123
135 123
136 123
78 123
138 123
300 123
141 123
79 123
144 123
149 123
233 123
321 123
317 123
154 123
155 123
157 123
161 123
162 123
163 123
306 123
307 123
218 123
165 123
166 123
242 123
219 123
124 292
125 124
296 124
46 124
224 124
315 124
231 124
133 124
135 124
136 124
78 124
138 124
300 124
141 124
79 124
144 124
149 124
233 124
321 124
317 124
154 124
155 124
157 124
161 124
162 124
163 124
306 124
307 124
218 124
165 124
166 124
242 124
219 124
125 101
125 102
125 290
125 292
125 120
125 123
296 125
46 125
224 125
315 125
231 125
133 125
135 125
136 125
78 125
138 125
300 125
141 125
79 125
144 125
149 125
233 125
321 125
154 125
155 125
157 125
161 125
162 125
163 125
306 125
307 125
218 125
165 125
166 125
242 125
219 125
314 115
126 314
130 314
243 314
298 314
134 314
137 314
299 314
212 314
139 314
302 314
143 314
266 314
147 314
150 314
270 314
151 314
152 314
156 314
271 314
167 314
288 314
126 234
126 115
126 121
126 122
320 126
128 126
129 126
243 126
298 126
308 126
134 126
137 126
299 126
139 126
140 126
143 126
146 126
268 126
147 126
148 126
150 126
270 126
151 126
152 126
153 126
241 126
156 126
158 126
305 126
167 126
288 126
45 6
45 27
45 90
45 33
48 45
49 45
51 45
56 45
57 45
58 45
93 45
63 45
64 45
66 45
67 45
70 45
71 45
72 45
131 45
73 45
74 45
75 45
80 45
81 45
200 127
82 127
320 234
320 324
320 338
297 320
243 320
308 320
134 320
137 320
301 320
212 320
139 320
143 320
266 320
240 320
268 320
150 320
241 320
159 320
305 320
288 320
135 296
141 296
144 296
321 296
317 296
154 296
155 296
306 296
218 296
165 296
242 296
46 292
224 46
233 46
161 46
218 46
166 46
219 46
297 121
297 314
129 297
243 297
298 297
308 297
299 297
301 297
265 297
139 297
140 297
302 297
143 297
266 297
240 297
268 297
148 297
214 297
150 297
151 297
153 297
241 297
156 297
159 297
164 297
305 297
271 297
288 297
160 332
47 96
47 100
47 10
47 12
47 220
47 106
47 13
47 208
47 39
47 119
47 222
47 127
52 47
53 47
199 47
60 47
61 47
65 47
200 47
201 47
69 47
132 47
77 47
95 47
216 47
82 47
85 47
86 47
226 47
227 47
48 97
48 6
56 48
57 48
93 48
63 48
64 48
66 48
67 48
70 48
72 48
73 48
74 48
75 48
80 48
49 97
49 98
49 48
51 49
56 49
58 49
59 49
92 49
93 49
63 49
66 49
67 49
70 49
73 49
74 49
94 49
80 49
81 49
50 49
56 50
58 50
59 50
92 50
93 50
63 50
64 50
67 50
72 50
73 50
94 50
80 50
81 50
51 6
51 35
51 36
51 42
51 48
56 51
57 51
58 51
92 51
63 51
64 51
66 51
67 51
70 51
72 51
131 51
73 51
74 51
94 51
80 51
81 51
128 314
128 320
129 128
243 128
308 128
134 128
301 128
212 128
265 128
139 128
140 128
302 128
143 128
146 128
147 128
270 128
152 128
153 128
241 128
156 128
158 128
159 128
164 128
167 128
288 128
52 96
52 100
52 10
52 12
52 220
52 13
52 208
52 32
52 39
52 222
52 127
53 52
199 52
60 52
61 52
65 52
200 52
201 52
69 52
132 52
77 52
95 52
216 52
85 52
86 52
227 52
53 24
53 222
199 53
61 53
65 53
201 53
69 53
132 53
77 53
82 53
227 53
54 88
54 185
54 198
62 54
68 54
286 251
245 252
55 91
55 198
62 55
68 55
233 224
218 224
166 224
219 224
56 23
56 42
57 56
58 56
59 56
92 56
93 56
63 56
64 56
66 56
67 56
71 56
94 56
75 56
80 56
199 100
199 10
199 12
199 220
199 13
199 208
199 32
199 39
199 222
60 199
61 199
65 199
200 199
201 199
69 199
132 199
77 199
95 199
82 199
85 199
86 199
226 199
227 199
129 327
129 314
129 320
243 129
298 129
308 129
134 129
137 129
299 129
301 129
212 129
265 129
139 129
140 129
143 129
266 129
240 129
146 129
268 129
147 129
148 129
214 129
150 129
270 129
151 129
217 129
241 129
156 129
158 129
305 129
167 129
288 129
130 234
130 121
130 122
130 126
130 297
130 129
243 130
298 130
308 130
134 130
137 130
299 130
301 130
212 130
139 130
140 130
302 130
143 130
240 130
146 130
148 130
270 130
151 130
217 130
152 130
241 130
156 130
158 130
159 130
305 130
271 130
167 130
288 130
288 243
57 23
57 25
57 27
57 33
57 50
59 57
92 57
93 57
64 57
66 57
67 57
70 57
71 57
72 57
131 57
74 57
94 57
75 57
80 57
81 57
58 87
58 90
58 35
58 37
58 42
58 48
92 58
93 58
63 58
64 58
67 58
70 58
72 58
74 58
94 58
75 58
80 58
81 58
59 42
59 45
59 48
59 51
92 59
93 59
94 59
92 27
92 187
93 92
66 92
74 92
94 92
80 92
81 92
60 208
85 60
93 25
93 36
93 195
93 51
64 93
66 93
67 93
71 93
74 93
80 93
253 334
254 334
246 334
303 225
215 225
315 22
315 292
231 315
166 315
219 315
259 181
62 198
68 62
247 253
63 98
63 36
63 42
63 57
64 63
66 63
67 63
71 63
72 63
73 63
74 63
94 63
80 63
64 6
64 23
64 31
64 36
64 42
64 191
64 92
67 64
70 64
72 64
131 64
73 64
74 64
94 64
75 64
80 64
65 100
65 10
65 12
65 220
65 13
65 208
65 39
65 44
65 222
65 127
65 60
65 61
201 65
69 65
132 65
77 65
95 65
216 65
82 65
85 65
86 65
226 65
227 65
347 357
200 100
200 10
200 12
200 13
200 208
200 38
200 39
200 40
200 222
200 60
200 61
200 65
69 200
132 200
77 200
95 200
216 200
82 200
85 200
86 200
226 200
66 31
66 36
66 37
66 42
66 58
67 66
70 66
72 66
131 66
73 66
94 66
75 66
80 66
81 66
67 87
67 5
67 183
67 25
67 42
67 59
67 92
72 67
131 67
73 67
74 67
75 67
80 67
68 185
68 91
68 198
201 100
201 12
201 220
201 106
201 24
201 112
201 208
201 39
201 222
201 127
201 60
201 61
201 200
69 201
132 201
77 201
95 201
216 201
82 201
85 201
86 201
226 201
227 201
69 100
69 12
69 220
69 13
69 89
69 208
69 40
69 222
69 127
69 60
69 61
132 69
77 69
216 69
85 69
86 69
226 69
227 69
70 25
70 27
70 33
70 42
70 343
70 56
70 92
70 93
70 67
71 70
72 70
131 70
74 70
94 70
80 70
81 70
71 6
71 18
71 23
71 35
71 36
71 42
71 48
71 49
71 50
71 66
71 67
131 71
73 71
74 71
94 71
75 71
80 71
72 18
72 25
72 90
72 35
72 56
131 72
73 72
74 72
75 72
80 72
131 1
131 87
131 25
131 27
131 35
131 48
131 59
131 93
131 63
73 131
74 131
75 131
80 131
81 131
73 87
73 6
73 18
73 42
73 56
73 57
73 58
73 70
74 73
75 73
80 73
81 73
298 116
298 320
298 243
134 298
137 298
301 298
212 298
139 298
140 298
302 298
143 298
240 298
146 298
268 298
147 298
214 298
150 298
151 298
152 298
153 298
156 298
159 298
164 298
305 298
271 298
288 298
132 12
132 220
132 13
132 20
132 24
132 208
132 39
132 222
132 127
132 60
132 61
77 132
95 132
216 132
82 132
85 132
86 132
226 132
227 132
74 343
74 66
75 74
80 74
94 1
94 67
80 94
81 94
247 248
247 334
75 6
75 98
75 23
75 27
75 35
75 51
75 59
75 92
75 70
80 75
81 75
308 99
308 282
308 314
308 298
134 308
140 308
143 308
266 308
240 308
146 308
214 308
241 308
159 308
305 308
167 308
255 289
255 291
232 255
316 255
307 231
166 231
219 231
239 340
211 21
211 76
133 107
133 292
133 296
133 46
133 224
133 315
133 231
135 133
136 133
78 133
138 133
300 133
141 133
79 133
144 133
149 133
233 133
321 133
317 133
154 133
155 133
157 133
161 133
163 133
306 133
307 133
218 133
165 133
166 133
242 133
219 133
134 121
134 297
299 134
301 134
212 134
265 134
143 134
266 134
148 134
217 134
241 134
158 134
159 134
305 134
167 134
288 134
135 102
135 22
135 292
135 46
135 224
135 315
135 231
136 135
78 135
138 135
300 135
141 135
79 135
144 135
149 135
233 135
321 135
317 135
155 135
157 135
161 135
162 135
163 135
306 135
307 135
218 135
165 135
166 135
242 135
219 135
136 22
136 292
136 46
136 224
136 315
136 231
78 136
138 136
300 136
141 136
79 136
144 136
149 136
233 136
321 136
317 136
154 136
155 136
157 136
161 136
162 136
163 136
306 136
307 136
218 136
165 136
166 136
242 136
219 136
137 297
137 128
137 243
299 137
140 137
143 137
266 137
146 137
268 137
147 137
214 137
270 137
151 137
217 137
152 137
153 137
159 137
164 137
305 137
271 137
167 137
288 137
77 100
77 10
77 12
77 220
77 13
77 89
77 208
77 39
77 222
77 127
77 60
77 61
95 77
216 77
82 77
85 77
86 77
226 77
227 77
260 177
299 115
299 331
299 294
299 320
299 128
299 243
299 298
299 308
301 299
212 299
265 299
139 299
140 299
302 299
143 299
266 299
240 299
146 299
268 299
148 299
214 299
150 299
151 299
217 299
153 299
241 299
164 299
305 299
271 299
167 299
288 299
78 102
78 109
138 78
300 78
141 78
149 78
317 78
155 78
157 78
161 78
162 78
307 78
165 78
138 292
138 46
138 224
138 315
138 231
300 138
141 138
79 138
149 138
233 138
321 138
317 138
154 138
155 138
157 138
161 138
162 138
163 138
306 138
307 138
218 138
165 138
166 138
242 138
219 138
232 289
232 291
316 232
95 69
82 95
85 95
86 95
203 325
203 193
307 300
166 300
301 122
301 126
301 243
301 308
301 137
212 301
302 301
143 301
146 301
268 301
270 301
151 301
217 301
152 301
153 301
241 301
156 301
164 301
305 301
271 301
212 294
212 297
212 308
139 212
143 212
266 212
240 212
146 212
268 212
148 212
214 212
270 212
151 212
217 212
153 212
159 212
164 212
305 212
271 212
288 212
265 115
265 294
265 320
265 130
265 243
265 298
265 212
139 265
140 265
302 265
143 265
266 265
146 265
147 265
148 265
214 265
150 265
270 265
152 265
153 265
241 265
156 265
158 265
159 265
164 265
271 265
167 265
288 265
139 115
139 294
139 243
139 308
139 137
140 139
302 139
143 139
240 139
146 139
147 139
214 139
270 139
151 139
153 139
241 139
156 139
159 139
164 139
167 139
288 139
140 234
140 115
140 294
140 122
140 243
140 134
140 301
302 140
143 140
240 140
146 140
148 140
150 140
270 140
151 140
152 140
153 140
241 140
156 140
159 140
164 140
305 140
271 140
167 140
288 140
205 262
205 192
302 234
302 115
302 126
302 129
302 243
302 308
302 212
143 302
266 302
240 302
146 302
214 302
150 302
151 302
217 302
152 302
153 302
241 302
156 302
158 302
159 302
164 302
305 302
271 302
167 302
288 302
141 292
141 46
141 224
141 315
141 231
141 300
79 141
144 141
149 141
233 141
317 141
154 141
155 141
157 141
161 141
162 141
163 141
306 141
307 141
218 141
165 141
166 141
242 141
219 141
171 16
213 171
316 289
316 291
143 326
143 324
143 283
143 338
143 331
143 327
143 243
266 143
240 143
146 143
268 143
147 143
148 143
214 143
150 143
270 143
151 143
217 143
152 143
153 143
241 143
156 143
158 143
159 143
164 143
305 143
271 143
167 143
288 143
144 79
233 79
317 79
154 79
155 79
161 79
162 79
163 79
165 79
81 80
266 324
266 122
266 130
266 243
266 301
266 139
266 140
240 266
268 266
214 266
150 266
241 266
305 266
309 267
310 267
354 267
310 309
354 309
144 102
144 292
144 46
144 224
144 315
144 231
144 78
144 138
144 300
149 144
233 144
321 144
317 144
154 144
155 144
157 144
161 144
162 144
163 144
306 144
307 144
218 144
165 144
242 144
219 144
240 126
240 243
240 134
240 301
240 265
268 240
214 240
241 240
164 240
305 240
167 240
288 240
342 345
330 345
146 234
146 294
146 134
146 266
268 146
147 146
148 146
214 146
151 146
217 146
152 146
241 146
305 146
271 146
288 146
354 310
268 115
268 327
268 130
268 308
147 268
148 268
214 268
217 268
241 268
158 268
305 268
271 268
356 355
147 294
147 320
147 297
147 243
147 299
147 212
147 240
148 147
214 147
150 147
151 147
217 147
152 147
241 147
156 147
158 147
305 147
271 147
167 147
288 147
352 356
148 234
148 314
148 320
148 128
148 243
148 298
148 137
148 301
214 148
270 148
151 148
217 148
153 148
241 148
158 148
159 148
164 148
305 148
271 148
167 148
288 148
214 294
214 314
214 126
214 128
214 243
270 214
217 214
152 214
153 214
241 214
156 214
158 214
159 214
164 214
305 214
271 214
288 214
337 269
149 290
149 292
149 296
149 46
149 224
149 315
149 231
149 300
149 79
233 149
154 149
155 149
157 149
161 149
162 149
163 149
306 149
307 149
165 149
166 149
242 149
219 149
352 355
150 99
150 282
150 130
150 243
150 301
150 139
270 150
153 150
156 150
158 150
159 150
271 150
167 150
288 150
304 269
312 304
337 304
349 304
242 233
216 40
216 119
216 199
216 60
86 216
321 141
321 149
321 233
317 321
154 321
155 321
157 321
161 321
162 321
163 321
306 321
218 321
242 321
348 269
337 348
317 292
317 46
317 224
317 315
317 231
317 300
317 149
317 233
154 317
155 317
157 317
161 317
162 317
163 317
306 317
307 317
218 317
165 317
242 317
219 317
270 234
270 326
270 294
270 320
270 297
270 243
270 298
270 299
270 146
270 268
156 270
305 270
167 270
288 270
151 99
151 234
151 326
151 116
151 122
151 243
151 308
151 266
151 150
217 151
152 151
153 151
156 151
159 151
164 151
271 151
167 151
288 151
217 116
217 294
217 320
217 297
217 128
217 243
217 265
217 140
217 266
217 240
241 217
156 217
159 217
164 217
305 217
271 217
288 217
152 282
152 122
152 320
152 297
152 299
152 212
152 268
152 270
152 217
153 152
241 152
156 152
158 152
159 152
164 152
305 152
271 152
167 152
288 152
361 364
312 269
312 348
349 312
330 342
336 353
337 312
349 337
335 363
349 269
81 6
81 23
81 59
81 63
81 72
81 74
153 234
153 314
153 129
153 130
153 243
153 266
153 268
153 270
153 217
158 153
159 153
271 153
167 153
288 153
154 114
154 292
154 46
154 224
154 315
154 231
154 135
154 78
154 300
154 233
155 154
157 154
161 154
162 154
163 154
306 154
307 154
218 154
165 154
166 154
242 154
219 154
155 101
155 292
155 46
155 224
155 315
155 231
155 300
155 233
157 155
161 155
162 155
163 155
306 155
218 155
166 155
242 155
219 155
241 314
241 243
241 298
241 137
241 212
241 150
241 151
241 153
158 241
159 241
164 241
271 241
167 241
288 241
156 243
156 137
156 240
156 148
158 156
159 156
167 156
288 156
157 290
157 292
157 296
157 46
157 224
157 315
157 231
157 300
157 233
161 157
162 157
163 157
306 157
307 157
218 157
165 157
166 157
242 157
219 157
158 234
158 115
158 116
158 314
158 243
158 137
158 212
158 139
158 266
158 146
158 270
159 158
288 158
159 243
159 266
159 268
159 147
159 270
271 159
167 159
288 159
161 292
161 296
161 224
161 315
161 231
161 300
161 233
162 161
163 161
306 161
307 161
218 161
165 161
166 161
242 161
219 161
162 292
162 296
162 46
162 224
162 315
162 231
162 133
162 300
162 233
163 162
306 162
307 162
218 162
165 162
166 162
242 162
219 162
163 290
163 292
163 313
163 120
163 296
163 46
163 224
163 315
163 231
163 78
163 300
163 233
306 163
307 163
218 163
165 163
166 163
242 163
219 163
164 234
164 294
164 121
164 126
164 129
164 130
164 243
164 134
164 146
164 150
164 270
164 153
305 164
271 164
167 164
288 164
305 282
305 243
305 159
167 305
288 305
82 10
82 12
82 220
82 13
82 28
82 208
82 117
82 39
82 40
82 222
82 60
82 61
82 69
82 216
85 82
86 82
226 82
306 233
242 306
83 260
84 83
84 278
85 28
85 216
86 100
86 10
86 12
86 220
86 13
86 208
86 39
86 222
86 127
86 53
86 60
86 61
86 85
226 86
227 86
166 307
242 218
271 282
271 121
271 126
271 243
271 308
271 134
271 139
271 240
271 158
271 305
288 271
165 46
165 224
165 315
165 231
165 300
165 233
165 321
165 155
165 306
165 307
165 218
166 165
242 165
219 165
226 100
226 127
219 166
167 297
167 243
167 266
167 146
167 214
167 217
167 158
288 167
227 112
227 222
227 61
228 202
219 79
219 233
