2 1
3 1
5 1
6 1
7 1
18 1
23 1
25 1
27 1
31 1
33 1
35 1
36 1
37 1
41 1
45 1
48 1
49 1
50 1
51 1
54 1
55 1
56 1
57 1
58 1
59 1
62 1
63 1
64 1
66 1
67 1
68 1
70 1
72 1
73 1
74 1
75 1
80 1
81 1
83 1
84 1
87 1
2 87
3 87
5 87
6 87
18 87
88 87
23 87
90 87
31 87
35 87
91 87
48 87
49 87
50 87
51 87
54 87
56 87
57 87
59 87
92 87
93 87
62 87
63 87
64 87
66 87
68 87
94 87
75 87
80 87
81 87
3 2
5 2
97 2
98 2
18 2
25 2
27 2
90 2
31 2
35 2
37 2
41 2
45 2
51 2
56 2
57 2
58 2
63 2
64 2
67 2
68 2
70 2
72 2
131 2
73 2
75 2
169 168
172 168
173 168
177 174
179 174
180 174
181 174
5 3
97 3
6 3
98 3
7 3
18 3
183 3
88 3
23 3
25 3
27 3
90 3
31 3
33 3
35 3
36 3
37 3
41 3
185 3
186 3
187 3
188 3
189 3
190 3
191 3
192 3
193 3
194 3
195 3
196 3
197 3
198 3
45 3
48 3
49 3
50 3
51 3
54 3
55 3
56 3
57 3
58 3
59 3
92 3
93 3
62 3
63 3
64 3
66 3
67 3
68 3
70 3
72 3
131 3
73 3
74 3
94 3
75 3
202 3
203 3
204 3
205 3
80 3
81 3
83 3
84 3
207 3
100 4
11 4
14 4
17 4
110 4
208 4
209 4
40 4
42 4
119 4
127 4
69 4
211 4
215 4
216 4
96 4
175 96
9 96
100 96
10 96
103 96
104 96
178 96
11 96
105 96
12 96
220 96
221 96
106 96
13 96
14 96
15 96
17 96
19 96
20 96
110 96
21 96
24 96
111 96
89 96
184 96
26 96
112 96
113 96
28 96
208 96
32 96
117 96
38 96
39 96
40 96
42 96
44 96
119 96
222 96
127 96
199 96
60 96
225 96
61 96
65 96
200 96
201 96
69 96
71 96
132 96
76 96
211 96
77 96
95 96
215 96
216 96
82 96
85 96
86 96
226 96
227 96
228 96
97 5
6 5
98 5
18 5
23 5
25 5
27 5
31 5
33 5
41 5
185 5
45 5
48 5
49 5
50 5
51 5
54 5
55 5
56 5
57 5
58 5
59 5
92 5
93 5
63 5
64 5
66 5
70 5
72 5
73 5
74 5
94 5
75 5
80 5
81 5
230 229
173 169
97 1
97 87
6 97
98 97
23 97
25 97
27 97
31 97
33 97
36 97
37 97
192 97
91 97
198 97
45 97
50 97
51 97
56 97
57 97
58 97
59 97
93 97
63 97
64 97
66 97
67 97
68 97
70 97
72 97
131 97
73 97
74 97
94 97
75 97
80 97
207 97
18 6
23 6
90 6
31 6
33 6
36 6
41 6
198 6
49 6
50 6
55 6
56 6
58 6
92 6
93 6
63 6
66 6
67 6
72 6
94 6
247 6
204 6
80 6
249 244
98 1
90 98
31 98
33 98
36 98
37 98
250 98
192 98
45 98
48 98
51 98
57 98
58 98
93 98
64 98
67 98
70 98
72 98
131 98
73 98
74 98
204 98
80 98
251 248
252 248
253 248
254 248
246 248
9 175
100 175
10 175
103 175
104 175
178 175
11 175
105 175
12 175
220 175
221 175
106 175
13 175
14 175
15 175
19 175
21 175
24 175
111 175
184 175
26 175
112 175
28 175
208 175
209 175
32 175
117 175
38 175
39 175
42 175
44 175
119 175
222 175
127 175
53 175
199 175
60 175
225 175
65 175
200 175
201 175
76 175
211 175
77 175
95 175
215 175
216 175
82 175
85 175
86 175
226 175
227 175
256 244
249 256
257 174
258 257
179 257
181 257
259 257
260 257
264 261
177 272
181 272
275 272
277 174
177 277
258 277
278 277
179 277
259 277
260 277
7 87
7 97
7 98
18 7
183 7
88 7
41 7
170 7
188 7
190 7
192 7
196 7
197 7
285 7
48 7
49 7
55 7
58 7
93 7
131 7
74 7
75 7
80 7
83 7
84 7
207 7
234 99
115 99
116 99
293 99
43 99
295 99
297 99
129 99
243 99
298 99
134 99
137 99
299 99
301 99
212 99
265 99
139 99
302 99
143 99
266 99
240 99
146 99
147 99
148 99
214 99
304 99
270 99
217 99
241 99
156 99
158 99
159 99
305 99
167 99
115 234
122 234
297 234
129 234
243 234
298 234
308 234
137 234
299 234
301 234
212 234
265 234
139 234
143 234
266 234
309 234
240 234
310 234
268 234
147 234
214 234
217 234
312 234
241 234
156 234
159 234
305 234
102 8
108 8
290 8
109 8
114 8
292 8
313 8
120 8
123 8
124 8
125 8
314 8
126 8
128 8
130 8
315 8
231 8
133 8
135 8
136 8
138 8
141 8
316 8
144 8
145 8
303 8
149 8
311 8
150 8
317 8
152 8
154 8
155 8
157 8
160 8
161 8
162 8
163 8
165 8
103 9
178 9
11 9
221 9
106 9
19 9
20 9
111 9
89 9
184 9
26 9
113 9
28 9
209 9
32 9
117 9
39 9
44 9
119 9
127 9
52 9
199 9
65 9
200 9
201 9
69 9
71 9
132 9
77 9
82 9
86 9
226 9
279 176
280 176
273 176
236 176
319 176
182 176
276 176
104 100
110 100
111 100
208 100
209 100
225 100
132 100
82 100
280 279
273 279
319 279
276 279
102 101
289 101
107 101
108 101
290 101
16 101
109 101
22 101
291 101
114 101
292 101
313 101
118 101
294 101
120 101
123 101
124 101
314 101
126 101
46 101
128 101
224 101
130 101
210 101
315 101
255 101
231 101
133 101
135 101
136 101
78 101
138 101
300 101
318 101
141 101
142 101
171 101
213 101
79 101
144 101
145 101
303 101
149 101
311 101
150 101
233 101
321 101
317 101
152 101
154 101
157 101
161 101
162 101
163 101
306 101
206 101
307 101
165 101
166 101
242 101
288 101
219 101
262 7
84 262
289 102
107 102
108 102
290 102
16 102
109 102
22 102
291 102
114 102
292 102
313 102
118 102
294 102
120 102
123 102
124 102
296 102
46 102
128 102
224 102
130 102
210 102
315 102
255 102
231 102
133 102
136 102
138 102
232 102
300 102
141 102
142 102
171 102
316 102
213 102
79 102
145 102
303 102
149 102
150 102
233 102
317 102
152 102
154 102
155 102
157 102
160 102
161 102
162 102
163 102
306 102
206 102
218 102
165 102
166 102
242 102
219 102
177 257
258 177
179 177
181 177
259 177
273 280
236 280
319 280
276 280
10 100
178 10
12 10
220 10
221 10
106 10
13 10
21 10
117 10
119 10
225 10
201 10
69 10
132 10
76 10
85 10
103 4
103 100
103 10
104 103
178 103
11 103
105 103
12 103
220 103
221 103
106 103
13 103
14 103
15 103
17 103
19 103
20 103
110 103
21 103
24 103
111 103
89 103
184 103
26 103
112 103
113 103
28 103
208 103
209 103
32 103
117 103
38 103
39 103
40 103
42 103
44 103
119 103
222 103
127 103
47 103
52 103
53 103
199 103
60 103
225 103
61 103
65 103
200 103
201 103
69 103
71 103
132 103
76 103
77 103
95 103
216 103
82 103
85 103
86 103
226 103
227 103
104 4
104 10
178 104
105 104
12 104
220 104
221 104
106 104
13 104
14 104
15 104
17 104
19 104
20 104
110 104
21 104
24 104
111 104
89 104
184 104
26 104
112 104
113 104
208 104
209 104
117 104
38 104
39 104
42 104
44 104
119 104
222 104
127 104
47 104
52 104
53 104
199 104
60 104
225 104
61 104
65 104
200 104
201 104
69 104
71 104
132 104
76 104
77 104
95 104
215 104
216 104
82 104
85 104
86 104
226 104
227 104
178 100
11 178
105 178
12 178
220 178
221 178
106 178
15 178
19 178
20 178
110 178
21 178
24 178
111 178
89 178
184 178
26 178
112 178
113 178
208 178
32 178
117 178
38 178
39 178
40 178
42 178
44 178
119 178
222 178
127 178
47 178
52 178
53 178
199 178
60 178
225 178
61 178
65 178
201 178
69 178
132 178
76 178
77 178
95 178
215 178
216 178
82 178
85 178
86 178
226 178
227 178
11 100
11 10
105 11
12 11
220 11
106 11
13 11
14 11
15 11
17 11
19 11
20 11
110 11
21 11
24 11
111 11
89 11
184 11
26 11
112 11
113 11
28 11
208 11
209 11
32 11
117 11
39 11
40 11
42 11
44 11
119 11
222 11
127 11
47 11
52 11
53 11
199 11
60 11
61 11
65 11
200 11
201 11
69 11
71 11
132 11
76 11
211 11
77 11
95 11
215 11
216 11
82 11
85 11
86 11
226 11
227 11
105 4
105 100
105 10
12 105
220 105
221 105
106 105
13 105
14 105
15 105
17 105
19 105
20 105
110 105
21 105
111 105
184 105
26 105
112 105
113 105
28 105
208 105
209 105
32 105
117 105
38 105
39 105
40 105
42 105
44 105
119 105
222 105
127 105
47 105
52 105
53 105
199 105
60 105
225 105
61 105
65 105
200 105
201 105
69 105
71 105
132 105
76 105
77 105
95 105
216 105
82 105
85 105
86 105
226 105
227 105
12 100
220 12
221 12
106 12
13 12
19 12
76 12
85 12
221 220
21 220
40 220
53 220
61 220
76 220
227 220
15 221
19 221
112 221
209 221
32 221
39 221
127 221
200 221
69 221
132 221
77 221
226 221
106 4
106 100
13 106
14 106
15 106
17 106
19 106
20 106
110 106
21 106
24 106
111 106
89 106
184 106
26 106
112 106
113 106
28 106
208 106
209 106
32 106
117 106
38 106
39 106
40 106
42 106
44 106
119 106
222 106
127 106
52 106
53 106
199 106
60 106
225 106
61 106
65 106
200 106
69 106
71 106
132 106
76 106
77 106
95 106
215 106
216 106
82 106
85 106
86 106
226 106
13 4
14 13
60 13
201 13
85 13
326 234
116 326
283 326
327 326
121 326
320 326
298 326
134 326
265 326
140 326
302 326
148 326
217 326
153 326
241 326
156 326
271 326
167 326
14 100
14 178
15 14
19 14
21 14
24 14
89 14
26 14
208 14
209 14
40 14
42 14
225 14
65 14
200 14
201 14
71 14
132 14
76 14
211 14
77 14
86 14
15 9
15 100
19 15
20 15
21 15
89 15
184 15
112 15
113 15
208 15
209 15
117 15
42 15
44 15
47 15
199 15
200 15
201 15
69 15
132 15
76 15
211 15
77 15
215 15
82 15
86 15
226 15
172 322
173 322
328 325
192 325
48 325
51 325
66 325
68 325
70 325
74 325
94 325
205 325
109 289
291 289
292 289
210 289
135 289
318 289
233 289
206 289
288 289
219 289
107 8
107 289
108 107
290 107
16 107
109 107
22 107
291 107
114 107
292 107
313 107
118 107
294 107
120 107
123 107
124 107
125 107
314 107
126 107
296 107
46 107
128 107
224 107
130 107
210 107
315 107
255 107
231 107
135 107
136 107
78 107
138 107
300 107
318 107
141 107
142 107
171 107
316 107
213 107
79 107
303 107
149 107
311 107
150 107
233 107
321 107
317 107
152 107
154 107
155 107
157 107
160 107
161 107
162 107
163 107
306 107
206 107
307 107
218 107
165 107
166 107
242 107
288 107
219 107
108 289
290 108
16 108
109 108
22 108
291 108
114 108
292 108
313 108
118 108
294 108
120 108
123 108
124 108
125 108
314 108
126 108
296 108
46 108
128 108
224 108
210 108
315 108
255 108
231 108
133 108
135 108
136 108
78 108
138 108
300 108
141 108
142 108
171 108
316 108
213 108
79 108
144 108
303 108
149 108
311 108
150 108
233 108
321 108
317 108
152 108
154 108
155 108
157 108
160 108
161 108
162 108
163 108
306 108
206 108
307 108
218 108
165 108
166 108
242 108
288 108
219 108
290 289
16 290
109 290
22 290
291 290
114 290
292 290
313 290
294 290
120 290
123 290
124 290
314 290
46 290
128 290
224 290
210 290
315 290
255 290
231 290
133 290
135 290
136 290
78 290
138 290
232 290
300 290
141 290
171 290
316 290
213 290
79 290
144 290
145 290
303 290
311 290
150 290
233 290
317 290
152 290
154 290
155 290
160 290
161 290
162 290
306 290
206 290
307 290
218 290
165 290
166 290
242 290
288 290
219 290
114 16
123 16
124 16
125 16
314 16
126 16
128 16
130 16
133 16
135 16
136 16
138 16
141 16
213 16
144 16
145 16
149 16
311 16
150 16
317 16
152 16
154 16
155 16
157 16
160 16
161 16
162 16
163 16
165 16
19 17
20 17
24 17
111 17
89 17
184 17
26 17
112 17
113 17
117 17
38 17
44 17
119 17
47 17
52 17
199 17
65 17
200 17
201 17
69 17
71 17
132 17
77 17
82 17
86 17
18 97
18 98
88 18
25 18
27 18
90 18
31 18
33 18
36 18
37 18
41 18
185 18
193 18
195 18
45 18
48 18
51 18
54 18
56 18
57 18
58 18
59 18
93 18
62 18
63 18
64 18
66 18
67 18
131 18
74 18
94 18
75 18
80 18
81 18
19 4
19 100
19 10
19 13
20 19
110 19
21 19
24 19
111 19
89 19
184 19
26 19
112 19
113 19
28 19
208 19
209 19
32 19
117 19
38 19
39 19
40 19
42 19
44 19
119 19
222 19
127 19
47 19
52 19
199 19
60 19
225 19
61 19
65 19
200 19
201 19
69 19
71 19
132 19
76 19
77 19
95 19
215 19
216 19
82 19
85 19
86 19
226 19
20 4
20 175
20 100
20 10
20 12
20 220
20 221
20 13
20 14
110 20
21 20
24 20
111 20
89 20
184 20
26 20
112 20
113 20
28 20
208 20
209 20
32 20
117 20
38 20
39 20
40 20
42 20
44 20
119 20
222 20
127 20
47 20
52 20
53 20
199 20
60 20
225 20
61 20
65 20
200 20
201 20
69 20
71 20
76 20
77 20
95 20
215 20
216 20
82 20
85 20
86 20
226 20
227 20
235 99
235 234
115 235
331 235
332 235
308 235
134 235
299 235
266 235
268 235
148 235
151 235
241 235
158 235
305 235
22 109
291 109
114 109
292 109
313 109
118 109
294 109
120 109
123 109
124 109
125 109
314 109
126 109
296 109
46 109
128 109
224 109
130 109
210 109
315 109
255 109
231 109
133 109
135 109
136 109
138 109
300 109
141 109
142 109
171 109
316 109
79 109
144 109
145 109
303 109
149 109
311 109
150 109
233 109
321 109
317 109
152 109
154 109
155 109
157 109
161 109
162 109
163 109
306 109
206 109
307 109
218 109
165 109
166 109
242 109
288 109
219 109
21 13
112 21
39 21
127 21
60 21
76 21
82 21
85 21
179 258
181 258
259 258
236 273
276 273
183 1
183 87
183 262
23 183
31 183
35 183
45 183
48 183
49 183
51 183
92 183
63 183
73 183
202 183
204 183
80 183
81 183
114 22
313 22
120 22
123 22
124 22
125 22
314 22
126 22
46 22
128 22
224 22
130 22
133 22
138 22
141 22
144 22
145 22
149 22
311 22
150 22
317 22
152 22
154 22
155 22
157 22
160 22
161 22
162 22
163 22
165 22
219 22
88 6
23 88
185 88
51 88
55 88
58 88
59 88
92 88
62 88
63 88
68 88
247 88
204 88
81 88
31 23
33 23
37 23
185 23
91 23
198 23
48 23
49 23
50 23
51 23
54 23
55 23
58 23
59 23
92 23
93 23
63 23
66 23
67 23
68 23
72 23
94 23
80 23
319 236
24 4
24 9
24 100
24 10
24 12
24 220
24 221
24 13
24 15
24 110
24 21
111 24
89 24
184 24
26 24
112 24
113 24
28 24
208 24
209 24
32 24
117 24
38 24
39 24
40 24
42 24
44 24
119 24
222 24
47 24
52 24
199 24
60 24
225 24
61 24
65 24
200 24
69 24
71 24
76 24
211 24
77 24
95 24
216 24
82 24
85 24
86 24
226 24
227 24
111 4
111 10
111 12
111 220
111 13
111 14
111 15
111 110
111 21
89 111
26 111
112 111
113 111
28 111
208 111
209 111
32 111
117 111
38 111
39 111
40 111
42 111
44 111
119 111
222 111
127 111
47 111
52 111
53 111
199 111
60 111
225 111
61 111
65 111
200 111
201 111
69 111
71 111
132 111
76 111
77 111
95 111
215 111
216 111
82 111
85 111
86 111
226 111
227 111
292 291
224 291
210 291
136 291
318 291
233 291
206 291
288 291
219 291
89 4
89 175
89 100
89 10
89 105
89 12
89 13
89 110
89 21
184 89
26 89
112 89
113 89
28 89
208 89
209 89
32 89
117 89
38 89
39 89
40 89
42 89
44 89
119 89
222 89
127 89
47 89
52 89
53 89
199 89
60 89
225 89
61 89
65 89
200 89
201 89
71 89
132 89
76 89
95 89
215 89
216 89
82 89
85 89
86 89
226 89
228 89
25 87
25 23
27 25
90 25
31 25
33 25
35 25
37 25
41 25
185 25
250 25
285 25
45 25
48 25
49 25
50 25
55 25
56 25
58 25
59 25
92 25
62 25
63 25
64 25
73 25
74 25
94 25
75 25
80 25
81 25
184 4
184 100
184 10
184 12
184 220
184 13
184 14
184 21
26 184
112 184
28 184
208 184
209 184
32 184
117 184
38 184
39 184
40 184
42 184
44 184
119 184
222 184
127 184
47 184
52 184
53 184
199 184
60 184
61 184
65 184
200 184
201 184
69 184
71 184
76 184
211 184
77 184
95 184
215 184
216 184
82 184
85 184
86 184
226 184
227 184
228 184
26 4
26 100
26 10
26 12
26 220
26 221
26 13
26 15
26 21
112 26
113 26
28 26
208 26
32 26
117 26
38 26
39 26
42 26
44 26
119 26
222 26
47 26
52 26
53 26
199 26
60 26
225 26
61 26
65 26
200 26
201 26
69 26
71 26
132 26
76 26
77 26
95 26
215 26
216 26
82 26
85 26
86 26
226 26
227 26
27 98
27 88
27 23
33 27
35 27
36 27
41 27
185 27
190 27
191 27
198 27
48 27
49 27
50 27
51 27
56 27
58 27
59 27
93 27
63 27
64 27
66 27
67 27
72 27
73 27
74 27
247 27
80 27
81 27
112 4
112 9
112 100
112 10
112 12
112 220
112 13
112 14
113 112
28 112
208 112
209 112
32 112
117 112
38 112
39 112
42 112
44 112
119 112
222 112
127 112
47 112
52 112
53 112
199 112
60 112
61 112
65 112
200 112
69 112
132 112
76 112
77 112
95 112
215 112
216 112
82 112
85 112
86 112
226 112
113 4
113 175
113 100
113 10
113 12
113 220
113 221
113 13
113 14
113 110
113 21
113 184
28 113
208 113
32 113
117 113
38 113
39 113
40 113
42 113
44 113
119 113
222 113
127 113
47 113
52 113
53 113
199 113
60 113
225 113
61 113
65 113
200 113
201 113
69 113
71 113
132 113
76 113
211 113
77 113
95 113
215 113
216 113
82 113
85 113
86 113
226 113
227 113
90 1
90 97
90 27
31 90
33 90
35 90
36 90
37 90
41 90
185 90
48 90
50 90
51 90
54 90
56 90
57 90
92 90
93 90
63 90
66 90
67 90
70 90
131 90
73 90
74 90
94 90
247 90
75 90
204 90
80 90
81 90
114 289
114 291
292 114
313 114
118 114
294 114
120 114
123 114
124 114
125 114
314 114
126 114
296 114
46 114
128 114
224 114
130 114
210 114
315 114
255 114
231 114
133 114
135 114
136 114
78 114
138 114
300 114
141 114
171 114
316 114
213 114
79 114
144 114
145 114
303 114
149 114
311 114
150 114
233 114
321 114
317 114
152 114
155 114
157 114
160 114
161 114
162 114
163 114
306 114
206 114
307 114
218 114
165 114
166 114
242 114
288 114
219 114
28 104
28 13
28 14
208 28
117 28
38 28
40 28
44 28
119 28
47 28
52 28
199 28
225 28
65 28
200 28
201 28
69 28
71 28
132 28
77 28
86 28
30 29
34 29
85 208
116 115
43 115
122 115
297 115
129 115
243 115
298 115
134 115
137 115
301 115
212 115
143 115
266 115
240 115
146 115
147 115
148 115
214 115
304 115
270 115
151 115
337 115
153 115
241 115
156 115
159 115
164 115
305 115
271 115
167 115
209 17
209 110
32 209
39 209
127 209
225 209
216 209
116 234
324 116
43 116
121 116
297 116
129 116
243 116
308 116
134 116
137 116
299 116
301 116
212 116
265 116
139 116
140 116
302 116
143 116
266 116
240 116
146 116
310 116
268 116
270 116
153 116
241 116
156 116
159 116
164 116
305 116
271 116
167 116
278 177
278 258
179 278
181 278
275 278
260 278
224 292
213 292
233 292
165 292
219 292
34 30
281 99
281 115
282 281
293 281
338 281
339 281
340 281
121 281
301 281
212 281
265 281
139 281
143 281
240 281
146 281
147 281
214 281
270 281
151 281
217 281
156 281
159 281
341 282
295 282
298 282
299 282
140 282
143 282
266 282
287 282
270 282
217 282
342 282
241 282
158 282
159 282
313 289
313 291
313 292
118 313
294 313
120 313
123 313
124 313
314 313
126 313
296 313
46 313
224 313
210 313
315 313
255 313
231 313
133 313
135 313
136 313
78 313
138 313
300 313
318 313
141 313
171 313
316 313
213 313
79 313
144 313
145 313
303 313
149 313
311 313
150 313
233 313
321 313
317 313
152 313
154 313
155 313
157 313
160 313
161 313
162 313
306 313
206 313
307 313
218 313
165 313
166 313
242 313
288 313
219 313
33 31
35 31
36 31
37 31
41 31
185 31
343 31
45 31
48 31
50 31
51 31
54 31
55 31
56 31
57 31
58 31
59 31
93 31
63 31
67 31
68 31
70 31
72 31
131 31
73 31
74 31
94 31
247 31
75 31
204 31
80 31
81 31
293 326
293 235
293 116
324 293
327 293
339 293
121 293
122 293
140 293
146 293
287 293
151 293
341 326
341 235
341 115
324 341
283 341
331 341
339 341
121 341
320 341
332 341
129 341
243 341
137 341
299 341
212 341
265 341
140 341
240 341
312 341
32 14
32 28
38 32
39 32
40 32
42 32
44 32
119 32
127 32
47 32
65 32
200 32
201 32
69 32
132 32
77 32
82 32
86 32
226 32
33 2
33 88
35 33
36 33
37 33
41 33
48 33
49 33
51 33
54 33
55 33
58 33
92 33
63 33
64 33
66 33
67 33
68 33
72 33
131 33
73 33
74 33
75 33
204 33
80 33
117 4
117 100
117 12
117 220
117 13
117 14
117 110
117 21
117 208
117 209
117 32
38 117
39 117
40 117
42 117
44 117
119 117
222 117
127 117
47 117
52 117
53 117
199 117
60 117
225 117
61 117
65 117
200 117
201 117
69 117
132 117
76 117
211 117
77 117
95 117
215 117
216 117
85 117
86 117
226 117
227 117
35 5
35 98
35 23
37 35
41 35
45 35
48 35
49 35
57 35
93 35
64 35
66 35
67 35
70 35
73 35
74 35
80 35
36 87
36 2
36 5
36 25
36 35
37 36
41 36
186 36
45 36
48 36
49 36
50 36
55 36
56 36
58 36
92 36
67 36
70 36
72 36
131 36
73 36
74 36
94 36
247 36
75 36
204 36
80 36
81 36
84 36
37 5
37 6
37 7
37 88
37 27
41 37
192 37
45 37
48 37
50 37
51 37
93 37
63 37
64 37
67 37
70 37
72 37
131 37
73 37
74 37
75 37
80 37
207 37
38 4
38 9
38 100
38 10
38 11
38 12
38 13
38 15
38 21
38 208
38 209
39 38
40 38
44 38
119 38
222 38
127 38
52 38
53 38
199 38
60 38
225 38
61 38
65 38
201 38
69 38
71 38
132 38
76 38
77 38
95 38
216 38
82 38
85 38
86 38
227 38
39 100
39 14
39 15
127 39
69 39
76 39
226 39
324 235
121 324
297 324
134 324
137 324
301 324
139 324
214 324
330 324
153 324
159 324
305 324
283 99
283 234
283 115
327 283
122 283
297 283
134 283
137 283
301 283
265 283
139 283
266 283
147 283
214 283
151 283
241 283
156 283
338 115
338 116
295 338
332 338
129 338
239 338
301 338
140 338
266 338
146 338
268 338
147 338
148 338
214 338
304 338
287 338
153 338
158 338
159 338
271 338
331 326
331 293
331 338
320 331
308 331
134 331
137 331
301 331
212 331
140 331
266 331
147 331
148 331
270 331
151 331
153 331
159 331
167 331
327 234
122 327
320 327
298 327
134 327
299 327
140 327
302 327
266 327
148 327
287 327
151 327
153 327
241 327
158 327
271 327
284 99
284 234
284 281
297 284
298 284
239 284
299 284
301 284
265 284
140 284
143 284
266 284
267 284
240 284
146 284
268 284
214 284
312 284
159 284
164 284
305 284
237 326
237 235
237 293
237 341
237 338
237 331
212 237
302 237
151 237
312 237
158 237
164 237
305 237
40 100
40 13
40 15
40 110
40 21
40 26
40 112
40 208
40 209
40 39
42 40
119 40
222 40
127 40
47 40
52 40
53 40
199 40
60 40
225 40
61 40
65 40
201 40
71 40
132 40
76 40
77 40
86 40
226 40
227 40
228 40
339 326
339 324
339 338
339 327
339 284
121 339
122 339
320 339
332 339
239 339
137 339
301 339
265 339
139 339
143 339
240 339
146 339
147 339
287 339
151 339
312 339
241 339
156 339
159 339
305 339
271 339
41 87
41 97
41 98
185 41
45 41
48 41
50 41
51 41
54 41
56 41
57 41
93 41
62 41
63 41
67 41
70 41
72 41
131 41
73 41
74 41
94 41
75 41
204 41
80 41
81 41
42 17
42 110
42 28
42 208
42 209
44 42
199 42
225 42
200 42
76 42
211 42
215 42
216 42
43 234
121 43
122 43
297 43
298 43
308 43
137 43
299 43
212 43
265 43
139 43
140 43
302 43
143 43
266 43
146 43
147 43
270 43
151 43
153 43
156 43
158 43
159 43
164 43
271 43
167 43
123 118
128 118
130 118
315 118
255 118
231 118
232 118
142 118
171 118
316 118
213 118
303 118
317 118
165 118
166 118
340 235
340 116
340 293
122 340
320 340
299 340
266 340
240 340
146 340
268 340
287 340
270 340
217 340
167 340
170 6
170 98
170 262
170 18
170 33
263 170
196 170
202 170
263 1
263 98
263 262
263 325
263 18
263 33
328 263
72 263
73 263
180 179
181 179
259 179
120 294
124 294
125 294
314 294
126 294
128 294
130 294
210 294
133 294
135 294
136 294
78 294
138 294
300 294
318 294
141 294
171 294
144 294
145 294
149 294
150 294
317 294
152 294
154 294
157 294
161 294
162 294
307 294
165 294
166 294
295 284
295 339
129 295
302 295
287 295
158 295
159 295
91 185
55 185
92 185
93 185
62 185
131 185
247 185
44 4
44 100
44 10
44 12
44 220
44 221
44 13
44 14
44 110
44 21
44 208
44 209
44 39
44 40
119 44
222 44
127 44
47 44
53 44
199 44
60 44
225 44
61 44
200 44
201 44
69 44
71 44
132 44
76 44
77 44
95 44
215 44
216 44
82 44
85 44
86 44
226 44
227 44
119 100
119 12
119 220
119 13
119 14
119 15
119 110
119 21
119 208
119 209
119 39
222 119
127 119
52 119
53 119
199 119
60 119
225 119
61 119
65 119
200 119
201 119
69 119
71 119
132 119
76 119
77 119
95 119
215 119
82 119
85 119
86 119
226 119
227 119
60 222
61 222
238 230
120 289
120 291
120 118
123 120
124 120
314 120
296 120
46 120
128 120
224 120
130 120
210 120
315 120
255 120
231 120
133 120
135 120
136 120
78 120
138 120
300 120
318 120
141 120
316 120
213 120
79 120
144 120
303 120
149 120
150 120
233 120
321 120
317 120
152 120
154 120
155 120
157 120
160 120
161 120
162 120
306 120
206 120
307 120
218 120
165 120
166 120
242 120
288 120
219 120
186 262
186 325
186 25
186 27
186 90
186 37
186 263
57 186
64 186
68 186
70 186
72 186
131 186
94 186
81 186
121 234
121 115
129 121
243 121
298 121
137 121
299 121
212 121
265 121
139 121
140 121
302 121
143 121
266 121
267 121
146 121
310 121
147 121
214 121
270 121
151 121
217 121
312 121
153 121
241 121
156 121
158 121
159 121
305 121
167 121
328 3
328 6
328 262
328 88
328 27
328 33
328 36
328 170
250 328
196 328
197 328
45 328
48 328
49 328
68 328
70 328
131 328
203 328
81 328
250 7
250 262
250 23
250 31
250 41
198 250
56 250
59 250
93 250
72 250
74 250
202 250
83 250
343 5
343 98
343 262
343 23
343 33
343 41
343 170
343 263
187 343
191 343
48 343
49 343
55 343
56 343
57 343
92 343
93 343
66 343
72 343
131 343
94 343
75 343
204 343
187 1
187 87
187 5
187 97
187 262
187 18
187 88
187 25
187 27
187 37
187 328
192 187
48 187
49 187
50 187
51 187
54 187
93 187
66 187
68 187
72 187
73 187
94 187
75 187
81 187
188 18
190 188
196 188
51 188
93 188
66 188
75 188
189 87
189 262
189 325
189 27
189 33
189 35
189 170
189 328
194 189
197 189
45 189
49 189
50 189
54 189
57 189
59 189
93 189
63 189
131 189
73 189
203 189
80 189
190 87
190 5
190 97
190 262
190 18
190 183
190 90
190 31
190 186
190 250
190 189
191 190
50 190
56 190
57 190
59 190
92 190
63 190
64 190
67 190
94 190
81 190
191 87
191 262
191 183
191 25
191 33
191 35
191 36
191 170
191 185
191 328
192 191
196 191
57 191
59 191
92 191
63 191
67 191
70 191
94 191
75 191
204 191
192 1
192 6
192 262
192 88
192 23
192 36
192 343
194 192
195 192
196 192
285 192
45 192
56 192
57 192
92 192
64 192
66 192
70 192
94 192
81 192
193 87
193 5
193 97
193 6
193 98
193 262
193 23
193 27
193 36
193 37
193 187
193 190
193 191
193 192
197 193
45 193
51 193
56 193
58 193
59 193
64 193
67 193
94 193
204 193
81 193
351 350
249 350
194 1
194 262
194 325
194 23
194 41
194 186
194 343
194 188
48 194
49 194
55 194
56 194
57 194
93 194
66 194
94 194
203 194
80 194
81 194
195 97
195 262
195 23
195 25
195 90
195 31
195 36
195 41
196 195
49 195
57 195
58 195
63 195
64 195
94 195
83 195
122 99
297 122
129 122
243 122
298 122
308 122
137 122
299 122
212 122
139 122
302 122
143 122
240 122
310 122
147 122
148 122
214 122
304 122
270 122
217 122
241 122
156 122
158 122
159 122
164 122
305 122
271 122
167 122
196 97
196 262
196 325
196 25
196 36
196 190
48 196
57 196
58 196
59 196
93 196
74 196
75 196
204 196
81 196
83 196
84 196
197 1
197 5
197 262
197 183
197 41
45 197
49 197
55 197
57 197
63 197
67 197
74 197
94 197
203 197
83 197
285 3
285 262
285 18
285 185
285 186
285 328
285 194
285 196
48 285
49 285
56 285
93 285
63 285
73 285
75 285
198 91
92 91
204 91
198 88
198 31
198 185
66 198
72 198
94 198
204 198
123 289
123 291
123 292
123 294
124 123
314 123
126 123
296 123
46 123
224 123
130 123
210 123
315 123
255 123
231 123
133 123
135 123
136 123
78 123
138 123
300 123
141 123
142 123
171 123
316 123
213 123
79 123
144 123
303 123
149 123
311 123
150 123
233 123
321 123
317 123
152 123
154 123
155 123
157 123
160 123
161 123
162 123
163 123
306 123
206 123
307 123
218 123
165 123
166 123
242 123
288 123
219 123
124 289
124 291
124 292
124 118
125 124
314 124
126 124
296 124
46 124
128 124
224 124
210 124
315 124
255 124
231 124
133 124
135 124
136 124
78 124
138 124
300 124
318 124
141 124
142 124
316 124
213 124
79 124
144 124
145 124
303 124
149 124
311 124
150 124
233 124
321 124
317 124
152 124
154 124
155 124
157 124
160 124
161 124
162 124
163 124
306 124
206 124
307 124
218 124
165 124
166 124
242 124
288 124
219 124
125 101
125 102
125 289
125 290
125 291
125 292
125 118
125 120
125 123
126 125
296 125
46 125
128 125
224 125
130 125
210 125
315 125
255 125
231 125
133 125
135 125
136 125
78 125
138 125
300 125
318 125
141 125
171 125
316 125
213 125
79 125
144 125
303 125
149 125
150 125
233 125
321 125
152 125
154 125
155 125
157 125
160 125
161 125
162 125
163 125
306 125
206 125
307 125
218 125
165 125
166 125
242 125
288 125
219 125
314 102
314 289
314 291
314 292
314 118
314 125
126 314
296 314
46 314
224 314
130 314
210 314
315 314
255 314
231 314
133 314
136 314
138 314
300 314
142 314
171 314
316 314
213 314
79 314
144 314
145 314
303 314
149 314
311 314
150 314
233 314
321 314
152 314
154 314
155 314
157 314
160 314
161 314
162 314
163 314
306 314
206 314
307 314
218 314
166 314
242 314
288 314
219 314
126 289
126 291
126 292
126 120
46 126
128 126
224 126
210 126
315 126
255 126
231 126
135 126
136 126
138 126
300 126
318 126
171 126
213 126
79 126
144 126
145 126
149 126
311 126
150 126
233 126
317 126
152 126
154 126
155 126
160 126
161 126
162 126
163 126
306 126
206 126
307 126
218 126
165 126
166 126
242 126
288 126
219 126
45 6
45 88
45 27
45 90
45 33
45 285
48 45
49 45
51 45
56 45
57 45
58 45
93 45
63 45
64 45
66 45
67 45
70 45
72 45
131 45
73 45
74 45
75 45
80 45
81 45
127 15
127 42
225 127
200 127
82 127
320 234
320 324
320 338
297 320
243 320
308 320
134 320
137 320
301 320
212 320
139 320
143 320
266 320
267 320
309 320
240 320
310 320
268 320
342 320
330 320
241 320
159 320
305 320
135 296
141 296
144 296
145 296
321 296
317 296
154 296
155 296
160 296
306 296
218 296
165 296
242 296
288 296
46 291
46 292
224 46
318 46
213 46
233 46
161 46
218 46
166 46
288 46
219 46
297 341
297 121
129 297
243 297
298 297
308 297
299 297
301 297
265 297
139 297
140 297
302 297
143 297
266 297
309 297
240 297
310 297
268 297
148 297
214 297
304 297
151 297
312 297
330 297
337 297
153 297
241 297
156 297
159 297
164 297
305 297
271 297
332 121
332 297
298 332
134 332
214 332
158 332
305 332
47 4
47 96
47 175
47 9
47 100
47 10
47 12
47 220
47 106
47 13
47 14
47 21
47 208
47 209
47 39
47 119
47 222
47 127
52 47
53 47
199 47
60 47
225 47
61 47
65 47
200 47
201 47
69 47
71 47
132 47
76 47
211 47
77 47
95 47
215 47
216 47
82 47
85 47
86 47
226 47
227 47
228 47
48 2
48 97
48 6
48 88
56 48
57 48
93 48
63 48
64 48
66 48
67 48
70 48
72 48
73 48
74 48
75 48
80 48
49 2
49 97
49 98
49 88
49 185
49 48
51 49
55 49
56 49
58 49
59 49
92 49
93 49
63 49
66 49
67 49
70 49
73 49
74 49
94 49
247 49
80 49
81 49
50 2
50 7
50 88
50 188
50 91
50 198
50 49
55 50
56 50
58 50
59 50
92 50
93 50
62 50
63 50
64 50
67 50
68 50
72 50
73 50
94 50
80 50
81 50
51 6
51 7
51 35
51 36
51 185
51 192
51 48
55 51
56 51
57 51
58 51
92 51
63 51
64 51
66 51
67 51
68 51
70 51
72 51
131 51
73 51
74 51
94 51
80 51
81 51
128 289
128 291
128 292
128 313
128 123
128 314
128 46
224 128
210 128
315 128
255 128
231 128
133 128
135 128
136 128
78 128
300 128
142 128
171 128
316 128
213 128
144 128
145 128
303 128
149 128
311 128
233 128
317 128
152 128
154 128
157 128
160 128
161 128
163 128
306 128
206 128
307 128
218 128
165 128
166 128
242 128
288 128
219 128
52 4
52 96
52 175
52 100
52 10
52 12
52 220
52 13
52 110
52 21
52 208
52 209
52 32
52 39
52 42
52 222
52 127
53 52
199 52
60 52
225 52
61 52
65 52
200 52
201 52
69 52
71 52
132 52
76 52
77 52
95 52
215 52
216 52
85 52
86 52
227 52
180 257
181 180
275 180
53 24
53 222
199 53
61 53
65 53
201 53
69 53
132 53
77 53
82 53
227 53
54 88
54 27
54 185
54 198
54 50
93 54
62 54
67 54
68 54
131 54
247 54
81 54
286 251
252 251
245 252
55 91
55 198
59 55
62 55
68 55
204 55
81 55
224 289
318 224
213 224
233 224
218 224
166 224
219 224
56 23
56 185
56 188
57 56
58 56
59 56
92 56
93 56
62 56
63 56
64 56
66 56
67 56
94 56
75 56
80 56
199 4
199 100
199 10
199 12
199 220
199 221
199 13
199 14
199 110
199 21
199 208
199 209
199 32
199 39
199 222
60 199
225 199
61 199
65 199
200 199
201 199
69 199
132 199
76 199
211 199
77 199
95 199
215 199
82 199
85 199
86 199
226 199
227 199
129 235
129 327
129 43
129 320
243 129
298 129
308 129
134 129
137 129
299 129
301 129
212 129
265 129
139 129
140 129
143 129
266 129
240 129
146 129
268 129
147 129
148 129
214 129
270 129
151 129
217 129
241 129
156 129
158 129
305 129
167 129
130 289
130 290
130 291
130 292
130 313
130 124
130 126
130 296
130 46
130 224
315 130
255 130
231 130
133 130
135 130
78 130
138 130
300 130
141 130
171 130
79 130
144 130
145 130
303 130
149 130
311 130
233 130
321 130
317 130
152 130
154 130
155 130
157 130
160 130
161 130
162 130
306 130
206 130
165 130
166 130
242 130
288 130
219 130
57 23
57 25
57 27
57 33
57 50
57 54
59 57
92 57
93 57
62 57
64 57
66 57
67 57
68 57
70 57
72 57
131 57
74 57
94 57
75 57
80 57
81 57
231 210
133 210
300 210
171 210
145 210
206 210
166 210
58 87
58 90
58 35
58 37
58 185
58 192
58 48
58 54
58 55
92 58
93 58
62 58
63 58
64 58
67 58
70 58
72 58
74 58
94 58
75 58
204 58
80 58
81 58
59 185
59 194
59 198
59 45
59 48
59 51
59 54
92 59
93 59
62 59
68 59
94 59
92 27
92 187
92 198
92 54
92 55
93 92
62 92
66 92
68 92
74 92
94 92
247 92
202 92
80 92
81 92
83 92
84 92
60 208
85 60
93 2
93 25
93 36
93 195
93 198
93 51
93 55
62 93
64 93
66 93
67 93
68 93
74 93
80 93
334 251
334 252
334 333
253 334
254 334
246 334
225 13
225 110
132 225
95 225
215 225
315 22
315 292
315 210
231 315
316 315
206 315
166 315
219 315
259 181
62 193
62 198
68 62
63 98
63 36
63 91
63 198
63 57
64 63
66 63
67 63
68 63
72 63
73 63
74 63
94 63
80 63
207 63
64 6
64 7
64 23
64 31
64 36
64 191
64 92
64 62
67 64
70 64
72 64
131 64
73 64
74 64
94 64
75 64
80 64
65 4
65 100
65 10
65 12
65 220
65 221
65 13
65 15
65 110
65 21
65 208
65 39
65 42
65 44
65 222
65 127
65 60
65 225
65 61
201 65
69 65
71 65
132 65
76 65
211 65
77 65
95 65
215 65
216 65
82 65
85 65
86 65
226 65
227 65
228 65
245 251
347 357
200 4
200 100
200 10
200 178
200 12
200 13
200 21
200 208
200 209
200 38
200 39
200 40
200 222
200 60
200 225
200 61
200 65
69 200
71 200
132 200
76 200
77 200
95 200
216 200
82 200
85 200
86 200
226 200
66 2
66 7
66 88
66 31
66 36
66 37
66 185
66 91
66 58
67 66
68 66
70 66
72 66
131 66
73 66
94 66
75 66
80 66
81 66
67 87
67 5
67 183
67 88
67 25
67 55
67 59
67 92
67 62
68 67
72 67
131 67
73 67
74 67
247 67
75 67
204 67
80 67
68 6
68 90
68 185
68 91
68 198
68 49
68 58
247 68
204 68
81 68
182 319
276 319
182 279
182 280
182 273
182 236
201 4
201 100
201 12
201 220
201 221
201 106
201 21
201 24
201 112
201 208
201 209
201 39
201 42
201 222
201 127
201 60
201 225
201 61
201 200
69 201
132 201
76 201
211 201
77 201
95 201
216 201
82 201
85 201
86 201
226 201
227 201
69 175
69 100
69 12
69 220
69 13
69 14
69 110
69 21
69 89
69 208
69 209
69 40
69 42
69 222
69 127
69 60
69 225
69 61
71 69
132 69
76 69
77 69
215 69
216 69
85 69
86 69
226 69
227 69
70 88
70 25
70 27
70 33
70 343
70 285
70 91
70 54
70 56
70 92
70 93
70 67
72 70
131 70
74 70
94 70
80 70
81 70
207 70
71 4
71 175
71 10
71 12
71 13
71 15
71 21
71 112
71 208
71 209
71 32
71 39
71 42
71 222
71 53
71 199
71 60
71 225
71 61
71 201
76 71
77 71
95 71
216 71
82 71
85 71
86 71
226 71
72 18
72 25
72 90
72 35
72 56
131 72
73 72
74 72
75 72
80 72
131 1
131 87
131 88
131 25
131 27
131 35
131 48
131 55
131 59
131 93
131 63
131 68
73 131
74 131
75 131
80 131
81 131
73 87
73 6
73 7
73 18
73 192
73 55
73 56
73 57
73 58
73 68
73 70
74 73
75 73
80 73
81 73
298 116
298 320
298 243
134 298
137 298
301 298
212 298
139 298
140 298
302 298
143 298
240 298
146 298
268 298
147 298
214 298
151 298
153 298
156 298
159 298
164 298
305 298
271 298
132 4
132 175
132 12
132 220
132 13
132 20
132 110
132 21
132 24
132 208
132 209
132 39
132 42
132 222
132 127
132 60
132 61
76 132
211 132
77 132
95 132
215 132
216 132
82 132
85 132
86 132
226 132
227 132
228 132
74 343
74 66
75 74
80 74
207 74
94 1
94 2
94 88
94 54
94 55
94 62
94 67
247 94
204 94
80 94
81 94
247 5
247 97
247 25
247 50
247 59
247 66
75 247
204 247
81 247
75 6
75 98
75 23
75 27
75 35
75 185
75 51
75 59
75 92
75 62
75 68
75 70
202 75
80 75
81 75
308 99
308 282
308 298
134 308
140 308
143 308
266 308
309 308
240 308
146 308
214 308
342 308
330 308
337 308
241 308
159 308
305 308
167 308
255 289
255 291
255 46
255 210
255 315
231 255
135 255
138 255
232 255
171 255
316 255
303 255
149 255
152 255
154 255
161 255
163 255
307 255
165 255
166 255
316 231
307 231
166 231
219 231
239 234
239 281
239 327
239 340
239 243
134 239
301 239
212 239
139 239
310 239
217 239
312 239
271 239
202 1
202 87
202 262
202 25
202 31
202 35
202 263
202 191
203 202
80 202
81 202
84 202
76 221
76 13
76 127
76 60
82 76
85 76
211 100
211 20
211 21
211 208
211 209
211 44
211 200
211 76
77 211
275 177
275 181
275 259
133 289
133 107
133 291
133 292
133 118
133 126
133 296
133 46
133 224
133 315
133 255
133 231
135 133
136 133
78 133
138 133
300 133
141 133
142 133
171 133
316 133
213 133
79 133
144 133
145 133
303 133
149 133
311 133
233 133
321 133
317 133
154 133
155 133
157 133
160 133
161 133
163 133
306 133
206 133
307 133
218 133
165 133
166 133
242 133
288 133
219 133
134 43
134 121
134 297
299 134
301 134
212 134
265 134
143 134
266 134
267 134
310 134
148 134
304 134
348 134
217 134
312 134
342 134
330 134
337 134
241 134
158 134
159 134
305 134
167 134
135 102
135 22
135 291
135 292
135 118
135 314
135 46
135 224
135 210
135 315
135 231
136 135
78 135
138 135
300 135
318 135
141 135
142 135
171 135
316 135
213 135
79 135
144 135
145 135
303 135
149 135
311 135
233 135
321 135
317 135
155 135
157 135
161 135
162 135
163 135
306 135
206 135
307 135
218 135
165 135
166 135
242 135
288 135
219 135
136 289
136 22
136 292
136 118
136 46
136 224
136 130
136 210
136 315
136 255
136 231
78 136
138 136
300 136
318 136
141 136
142 136
316 136
213 136
79 136
144 136
145 136
303 136
149 136
311 136
150 136
233 136
321 136
317 136
152 136
154 136
155 136
157 136
160 136
161 136
162 136
163 136
306 136
206 136
307 136
218 136
165 136
166 136
242 136
288 136
219 136
137 340
137 297
137 243
299 137
140 137
143 137
266 137
146 137
268 137
147 137
214 137
304 137
270 137
151 137
217 137
330 137
337 137
153 137
159 137
164 137
305 137
271 137
167 137
77 4
77 100
77 10
77 12
77 220
77 13
77 21
77 89
77 208
77 209
77 39
77 42
77 222
77 127
77 60
77 225
77 61
77 76
95 77
216 77
82 77
85 77
86 77
226 77
227 77
260 177
260 179
260 275
299 115
299 331
299 320
299 243
299 298
299 308
301 299
212 299
265 299
139 299
140 299
302 299
143 299
266 299
240 299
146 299
310 299
268 299
148 299
214 299
304 299
151 299
217 299
342 299
153 299
241 299
164 299
305 299
271 299
167 299
78 102
78 109
78 126
78 210
138 78
300 78
318 78
141 78
149 78
311 78
317 78
152 78
155 78
157 78
161 78
162 78
307 78
165 78
138 289
138 291
138 292
138 118
138 46
138 128
138 224
138 210
138 315
138 231
232 138
300 138
141 138
142 138
171 138
316 138
213 138
79 138
145 138
303 138
149 138
311 138
150 138
233 138
321 138
317 138
154 138
155 138
157 138
160 138
161 138
162 138
163 138
306 138
206 138
307 138
218 138
165 138
166 138
242 138
219 138
232 101
232 289
232 107
232 16
232 291
232 133
171 232
316 232
213 232
303 232
149 232
152 232
165 232
166 232
95 69
82 95
85 95
86 95
276 236
203 5
203 97
203 6
203 325
203 37
203 193
203 285
203 51
205 203
264 346
300 289
300 118
300 232
171 300
316 300
307 300
166 300
301 43
301 122
301 243
301 308
301 137
212 301
302 301
143 301
267 301
146 301
310 301
268 301
270 301
151 301
217 301
312 301
342 301
330 301
153 301
241 301
156 301
164 301
305 301
271 301
212 297
212 308
139 212
143 212
266 212
267 212
309 212
240 212
146 212
310 212
268 212
148 212
214 212
270 212
151 212
217 212
312 212
342 212
330 212
337 212
153 212
159 212
164 212
305 212
271 212
265 115
265 320
265 243
265 298
265 212
139 265
140 265
302 265
143 265
266 265
146 265
147 265
148 265
214 265
270 265
312 265
153 265
241 265
156 265
158 265
159 265
164 265
271 265
167 265
139 115
139 243
139 308
139 137
140 139
302 139
143 139
267 139
309 139
240 139
146 139
310 139
147 139
214 139
270 139
151 139
153 139
241 139
156 139
159 139
164 139
167 139
140 234
140 115
140 122
140 243
140 134
140 301
302 140
143 140
240 140
146 140
148 140
304 140
270 140
151 140
312 140
342 140
337 140
153 140
241 140
156 140
159 140
164 140
305 140
271 140
167 140
318 102
318 108
318 290
318 109
318 114
318 210
318 138
318 300
171 318
307 318
204 87
204 23
204 185
204 54
204 56
204 92
204 66
205 97
205 6
205 262
205 183
205 27
205 90
205 41
205 250
205 189
205 192
205 48
205 56
205 58
205 63
205 66
205 72
205 73
205 94
205 75
205 204
81 205
83 205
302 234
302 115
302 129
302 243
302 308
302 212
143 302
266 302
309 302
240 302
146 302
214 302
304 302
151 302
217 302
342 302
330 302
337 302
153 302
241 302
156 302
158 302
159 302
164 302
305 302
271 302
167 302
141 289
141 291
141 292
141 118
141 314
141 126
141 46
141 128
141 224
141 315
141 255
141 231
141 300
142 141
171 141
316 141
213 141
79 141
144 141
145 141
303 141
149 141
311 141
150 141
233 141
317 141
152 141
154 141
155 141
157 141
160 141
161 141
162 141
163 141
306 141
206 141
307 141
218 141
165 141
166 141
242 141
288 141
219 141
171 16
171 231
171 142
213 171
79 171
166 171
316 289
316 291
316 292
316 46
316 224
303 316
307 316
165 316
166 316
213 130
213 142
166 213
143 326
143 293
143 341
143 324
143 283
143 338
143 331
143 327
143 237
143 295
143 332
143 243
266 143
267 143
240 143
146 143
310 143
268 143
147 143
148 143
214 143
304 143
287 143
270 143
151 143
217 143
312 143
342 143
330 143
337 143
153 143
241 143
156 143
158 143
159 143
164 143
305 143
271 143
167 143
79 128
79 255
144 79
145 79
311 79
150 79
233 79
317 79
152 79
154 79
155 79
161 79
162 79
163 79
165 79
81 80
266 324
266 122
266 243
266 301
266 139
266 140
267 266
309 266
240 266
310 266
268 266
214 266
304 266
348 266
312 266
330 266
337 266
241 266
305 266
267 265
309 267
240 267
310 267
348 267
312 267
342 267
337 267
241 267
158 267
164 267
240 309
310 309
348 309
270 309
241 309
144 102
144 289
144 291
144 292
144 118
144 46
144 224
144 210
144 315
144 255
144 231
144 78
144 138
144 232
144 300
144 316
144 213
145 144
303 144
149 144
311 144
150 144
233 144
321 144
317 144
152 144
154 144
155 144
157 144
161 144
162 144
163 144
306 144
206 144
307 144
218 144
165 144
242 144
288 144
219 144
240 43
240 243
240 134
240 301
240 265
310 240
268 240
214 240
312 240
330 240
241 240
164 240
305 240
167 240
145 289
145 107
145 291
145 292
145 118
145 120
145 123
145 46
145 224
145 255
145 231
145 300
145 171
145 213
303 145
149 145
311 145
150 145
233 145
321 145
317 145
152 145
155 145
160 145
161 145
162 145
163 145
306 145
206 145
218 145
242 145
288 145
219 145
146 234
146 134
146 266
268 146
147 146
148 146
214 146
304 146
151 146
217 146
337 146
241 146
305 146
271 146
349 353
147 310
214 310
304 310
348 310
217 310
312 310
342 310
330 310
337 310
241 310
167 310
268 115
268 327
268 43
268 308
268 310
147 268
148 268
214 268
304 268
217 268
312 268
342 268
337 268
241 268
158 268
305 268
271 268
356 355
147 320
147 297
147 243
147 299
147 212
147 309
147 240
148 147
214 147
304 147
151 147
217 147
312 147
330 147
241 147
156 147
158 147
305 147
271 147
167 147
352 356
148 234
148 43
148 320
148 243
148 298
148 137
148 301
148 310
214 148
304 148
348 148
270 148
151 148
217 148
330 148
153 148
241 148
158 148
159 148
164 148
305 148
271 148
167 148
214 243
214 267
270 214
217 214
312 214
153 214
241 214
156 214
158 214
159 214
164 214
305 214
271 214
149 289
149 290
149 291
149 292
149 118
149 296
149 46
149 224
149 210
149 315
149 231
149 300
149 171
149 316
149 213
149 79
149 303
311 149
150 149
233 149
152 149
154 149
155 149
157 149
160 149
161 149
162 149
163 149
306 149
206 149
307 149
165 149
166 149
242 149
288 149
219 149
352 355
354 352
311 102
311 289
311 291
311 292
311 118
311 294
311 125
311 296
311 46
311 224
311 210
311 315
311 255
311 231
311 300
311 171
311 316
311 213
311 303
150 311
233 311
321 311
317 311
152 311
154 311
155 311
160 311
161 311
162 311
163 311
306 311
206 311
307 311
218 311
165 311
166 311
242 311
288 311
219 311
215 100
215 211
216 215
150 289
150 291
150 292
150 118
150 296
150 46
150 224
150 130
150 210
150 315
150 255
150 231
150 133
150 135
150 78
150 300
150 318
150 142
150 171
150 316
150 213
150 303
233 150
321 150
317 150
154 150
155 150
162 150
163 150
306 150
206 150
307 150
218 150
165 150
166 150
242 150
288 150
219 150
304 340
304 298
304 309
304 240
151 304
312 304
342 304
330 304
337 304
305 304
271 304
242 233
288 233
216 40
216 119
216 199
216 60
86 216
287 234
287 116
287 121
287 122
287 265
287 302
287 214
151 287
312 287
271 287
321 126
321 141
321 149
321 233
317 321
152 321
154 321
155 321
157 321
161 321
162 321
163 321
306 321
218 321
242 321
288 321
348 147
217 348
337 348
317 289
317 291
317 292
317 314
317 46
317 224
317 210
317 315
317 255
317 231
317 232
317 300
317 142
317 171
317 316
317 213
317 303
317 149
317 233
152 317
154 317
155 317
157 317
160 317
161 317
162 317
163 317
306 317
206 317
307 317
218 317
165 317
242 317
288 317
219 317
270 234
270 326
270 320
270 297
270 243
270 298
270 299
270 267
270 146
270 310
270 268
270 304
330 270
337 270
156 270
305 270
167 270
151 99
151 234
151 326
151 116
151 122
151 243
151 308
151 266
151 309
217 151
312 151
330 151
153 151
156 151
159 151
164 151
271 151
167 151
217 116
217 43
217 320
217 297
217 243
217 265
217 140
217 266
217 309
217 240
217 304
312 217
330 217
337 217
241 217
156 217
159 217
164 217
305 217
271 217
363 345
152 289
152 291
152 292
152 118
152 46
152 224
152 210
152 315
152 231
152 133
152 135
152 300
152 213
152 303
152 233
154 152
155 152
157 152
160 152
161 152
162 152
163 152
306 152
206 152
307 152
218 152
165 152
166 152
242 152
288 152
219 152
361 364
312 148
312 348
342 312
342 297
342 309
330 342
336 353
336 361
330 268
164 330
337 327
337 122
337 320
337 129
337 265
337 240
337 151
337 312
337 342
337 330
153 337
156 337
158 337
164 337
305 337
335 352
349 269
173 172
81 6
81 7
81 23
81 185
81 250
81 91
81 198
81 59
81 62
81 63
81 72
81 74
81 204
83 81
153 234
153 129
153 243
153 266
153 267
153 268
153 270
153 217
158 153
159 153
271 153
167 153
154 289
154 291
154 114
154 292
154 118
154 46
154 224
154 210
154 315
154 231
154 135
154 78
154 300
154 142
154 171
154 316
154 213
154 145
154 233
155 154
157 154
160 154
161 154
162 154
163 154
306 154
206 154
307 154
218 154
165 154
166 154
242 154
288 154
219 154
155 101
155 289
155 291
155 292
155 118
155 294
155 46
155 128
155 224
155 210
155 315
155 255
155 231
155 232
155 300
155 171
155 316
155 213
155 303
155 233
157 155
160 155
161 155
162 155
163 155
306 155
206 155
218 155
166 155
242 155
288 155
219 155
241 43
241 243
241 298
241 137
241 212
241 304
241 151
241 342
241 337
241 153
158 241
159 241
164 241
271 241
167 241
354 355
354 356
354 335
156 284
156 243
156 137
156 309
156 240
156 148
156 312
156 330
158 156
159 156
167 156
157 289
157 290
157 291
157 292
157 118
157 126
157 296
157 46
157 224
157 210
157 315
157 255
157 231
157 232
157 300
157 142
157 171
157 316
157 213
157 303
157 311
157 150
157 233
160 157
161 157
162 157
163 157
306 157
206 157
307 157
218 157
165 157
166 157
242 157
288 157
219 157
158 234
158 115
158 116
158 243
158 137
158 212
158 139
158 266
158 146
158 348
158 270
158 312
158 342
159 158
159 243
159 266
159 268
159 147
159 270
159 330
271 159
167 159
160 101
160 289
160 291
160 292
160 118
160 294
160 46
160 224
160 315
160 255
160 231
160 135
160 78
160 300
160 142
160 171
160 316
160 213
160 144
160 303
160 150
160 233
160 321
161 160
162 160
163 160
306 160
206 160
218 160
165 160
166 160
242 160
288 160
219 160
161 289
161 291
161 292
161 118
161 296
161 224
161 210
161 315
161 231
161 300
161 318
161 142
161 171
161 316
161 213
161 303
161 233
162 161
163 161
306 161
206 161
307 161
218 161
165 161
166 161
242 161
288 161
219 161
162 289
162 291
162 292
162 118
162 296
162 46
162 128
162 224
162 210
162 315
162 255
162 231
162 133
162 300
162 142
162 171
162 213
162 303
162 233
163 162
306 162
206 162
307 162
218 162
165 162
166 162
242 162
288 162
219 162
163 289
163 290
163 291
163 292
163 313
163 118
163 294
163 120
163 296
163 46
163 224
163 130
163 210
163 315
163 231
163 78
163 232
163 300
163 142
163 171
163 316
163 213
163 303
163 233
306 163
206 163
307 163
218 163
165 163
166 163
242 163
288 163
219 163
164 234
164 121
164 129
164 243
164 134
164 146
164 348
164 270
164 312
164 342
164 153
305 164
271 164
167 164
305 282
305 43
305 243
305 267
305 309
305 312
305 159
167 305
82 4
82 10
82 12
82 220
82 13
82 14
82 110
82 28
82 208
82 209
82 117
82 39
82 40
82 42
82 222
82 60
82 225
82 61
82 69
82 215
82 216
85 82
86 82
226 82
306 233
242 306
83 5
83 98
83 262
83 325
83 183
83 90
83 33
83 37
83 41
83 170
83 186
83 191
83 51
83 63
83 67
83 131
83 73
83 203
83 204
84 83
84 97
84 325
84 183
84 27
84 31
84 37
84 41
84 51
84 58
84 63
84 131
84 73
84 203
84 204
84 205
206 22
206 231
206 300
206 318
206 213
165 206
166 206
85 4
85 221
85 28
85 225
85 216
228 85
86 4
86 100
86 10
86 12
86 220
86 221
86 13
86 110
86 21
86 208
86 209
86 39
86 42
86 222
86 127
86 53
86 60
86 225
86 61
86 76
86 85
226 86
227 86
307 210
307 171
166 307
218 255
218 318
242 218
271 282
271 121
271 243
271 308
271 134
271 139
271 240
271 348
271 312
271 330
271 337
271 158
271 305
165 289
165 291
165 314
165 46
165 224
165 210
165 315
165 231
165 300
165 318
165 142
165 171
165 213
165 303
165 233
165 321
165 155
165 306
165 307
165 218
166 165
242 165
288 165
219 165
226 100
226 127
166 142
219 166
207 1
207 325
207 35
207 170
207 263
207 186
207 187
207 194
207 197
207 285
207 48
207 49
207 50
207 64
207 66
207 75
207 202
207 203
207 80
207 84
167 297
167 243
167 266
167 309
167 146
167 214
167 217
167 312
167 342
167 158
227 112
227 222
227 61
288 8
288 292
288 224
288 318
288 218
228 104
219 8
219 118
219 294
219 213
219 79
219 303
219 233
219 206
